# Recfast++ output. The columns are z, Xe=Ne/NH, Te
#
3000 1.0794263 8177.723 
2998.5243 1.0794248 8173.7016 
2997.0485 1.0794234 8169.6802 
2995.5728 1.0794219 8165.6588 
2994.097 1.0794204 8161.6374 
2992.6213 1.0794188 8157.6161 
2991.1456 1.0794172 8153.5947 
2989.6698 1.0794157 8149.5733 
2988.1941 1.079414 8145.5519 
2986.7184 1.0794124 8141.5305 
2985.2426 1.0794107 8137.5091 
2983.7669 1.079409 8133.4877 
2982.2911 1.0794072 8129.4663 
2980.8154 1.0794055 8125.445 
2979.3397 1.0794037 8121.4236 
2977.8639 1.0794018 8117.4022 
2976.3882 1.0794 8113.3808 
2974.9125 1.0793981 8109.3594 
2973.4367 1.0793962 8105.338 
2971.961 1.0793942 8101.3166 
2970.4852 1.0793922 8097.2953 
2969.0095 1.0793901 8093.2739 
2967.5338 1.0793881 8089.2525 
2966.058 1.079386 8085.2311 
2964.5823 1.0793838 8081.2097 
2963.1066 1.0793816 8077.1883 
2961.6308 1.0793794 8073.1669 
2960.1551 1.0793772 8069.1455 
2958.6793 1.0793749 8065.1242 
2957.2036 1.0793725 8061.1028 
2955.7279 1.0793701 8057.0814 
2954.2521 1.0793677 8053.06 
2952.7764 1.0793652 8049.0386 
2951.3007 1.0793627 8045.0172 
2949.8249 1.0793602 8040.9958 
2948.3492 1.0793576 8036.9744 
2946.8734 1.0793549 8032.9531 
2945.3977 1.0793522 8028.9317 
2943.922 1.0793495 8024.9103 
2942.4462 1.0793467 8020.8889 
2940.9705 1.0793438 8016.8675 
2939.4947 1.0793409 8012.8461 
2938.019 1.079338 8008.8247 
2936.5433 1.079335 8004.8034 
2935.0675 1.079332 8000.782 
2933.5918 1.0793288 7996.7606 
2932.1161 1.0793257 7992.7392 
2930.6403 1.0793225 7988.7178 
2929.1646 1.0793192 7984.6964 
2927.6888 1.0793159 7980.675 
2926.2131 1.0793125 7976.6536 
2924.7374 1.079309 7972.6323 
2923.2616 1.0793055 7968.6109 
2921.7859 1.0793019 7964.5895 
2920.3102 1.0792983 7960.5681 
2918.8344 1.0792946 7956.5467 
2917.3587 1.0792908 7952.5253 
2915.8829 1.079287 7948.5039 
2914.4072 1.0792831 7944.4825 
2912.9315 1.0792791 7940.4612 
2911.4557 1.0792751 7936.4398 
2909.98 1.0792709 7932.4184 
2908.5043 1.0792667 7928.397 
2907.0285 1.0792625 7924.3756 
2905.5528 1.0792581 7920.3542 
2904.077 1.0792537 7916.3328 
2902.6013 1.0792492 7912.3115 
2901.1256 1.0792446 7908.2901 
2899.6498 1.07924 7904.2687 
2898.1741 1.0792353 7900.2473 
2896.6983 1.0792304 7896.2259 
2895.2226 1.0792255 7892.2045 
2893.7469 1.0792205 7888.1831 
2892.2711 1.0792154 7884.1617 
2890.7954 1.0792103 7880.1404 
2889.3197 1.079205 7876.119 
2887.8439 1.0791996 7872.0976 
2886.3682 1.0791942 7868.0762 
2884.8924 1.0791886 7864.0548 
2883.4167 1.079183 7860.0334 
2881.941 1.0791773 7856.012 
2880.4652 1.0791714 7851.9906 
2878.9895 1.0791655 7847.9693 
2877.5138 1.0791594 7843.9479 
2876.038 1.0791533 7839.9265 
2874.5623 1.079147 7835.9051 
2873.0865 1.0791406 7831.8837 
2871.6108 1.0791342 7827.8623 
2870.1351 1.0791276 7823.8409 
2868.6593 1.0791209 7819.8195 
2867.1836 1.079114 7815.7982 
2865.7079 1.0791071 7811.7768 
2864.2321 1.0791 7807.7554 
2862.7564 1.0790929 7803.734 
2861.2806 1.0790856 7799.7126 
2859.8049 1.0790781 7795.6912 
2858.3292 1.0790706 7791.6698 
2856.8534 1.0790629 7787.6485 
2855.3777 1.0790551 7783.6271 
2853.902 1.0790471 7779.6057 
2852.4262 1.0790391 7775.5843 
2850.9505 1.0790309 7771.5629 
2849.4747 1.0790225 7767.5415 
2847.999 1.079014 7763.5201 
2846.5233 1.0790054 7759.4987 
2845.0475 1.0789966 7755.4774 
2843.5718 1.0789877 7751.456 
2842.096 1.0789786 7747.4346 
2840.6203 1.0789694 7743.4132 
2839.1446 1.0789601 7739.3918 
2837.6688 1.0789505 7735.3704 
2836.1931 1.0789409 7731.349 
2834.7174 1.0789311 7727.3276 
2833.2416 1.0789211 7723.3063 
2831.7659 1.0789109 7719.2849 
2830.2901 1.0789006 7715.2635 
2828.8144 1.0788901 7711.2421 
2827.3387 1.0788795 7707.2207 
2825.8629 1.0788687 7703.1993 
2824.3872 1.0788577 7699.1779 
2822.9115 1.0788466 7695.1565 
2821.4357 1.0788353 7691.1352 
2819.96 1.0788238 7687.1138 
2818.4842 1.0788121 7683.0924 
2817.0085 1.0788003 7679.071 
2815.5328 1.0787883 7675.0496 
2814.057 1.078776 7671.0282 
2812.5813 1.0787637 7667.0068 
2811.1056 1.0787511 7662.9855 
2809.6298 1.0787383 7658.9641 
2808.1541 1.0787254 7654.9427 
2806.6783 1.0787122 7650.9213 
2805.2026 1.0786989 7646.8999 
2803.7269 1.0786854 7642.8785 
2802.2511 1.0786717 7638.8571 
2800.7754 1.0786577 7634.8357 
2799.2996 1.0786436 7630.8144 
2797.8239 1.0786293 7626.793 
2796.3482 1.0786148 7622.7716 
2794.8724 1.0786001 7618.7502 
2793.3967 1.0785852 7614.7288 
2791.921 1.07857 7610.7074 
2790.4452 1.0785547 7606.686 
2788.9695 1.0785392 7602.6646 
2787.4937 1.0785234 7598.6433 
2786.018 1.0785075 7594.6219 
2784.5423 1.0784913 7590.6005 
2783.0665 1.0784749 7586.5791 
2781.5908 1.0784583 7582.5577 
2780.1151 1.0784415 7578.5363 
2778.6393 1.0784245 7574.5149 
2777.1636 1.0784073 7570.4935 
2775.6878 1.0783898 7566.4722 
2774.2121 1.0783722 7562.4508 
2772.7364 1.0783543 7558.4294 
2771.2606 1.0783362 7554.408 
2769.7849 1.0783179 7550.3866 
2768.3092 1.0782993 7546.3652 
2766.8334 1.0782806 7542.3438 
2765.3577 1.0782616 7538.3224 
2763.8819 1.0782424 7534.3011 
2762.4062 1.0782229 7530.2797 
2760.9305 1.0782033 7526.2583 
2759.4547 1.0781834 7522.2369 
2757.979 1.0781633 7518.2155 
2756.5033 1.078143 7514.1941 
2755.0275 1.0781225 7510.1727 
2753.5518 1.0781017 7506.1514 
2752.076 1.0780807 7502.13 
2750.6003 1.0780595 7498.1086 
2749.1246 1.0780381 7494.0872 
2747.6488 1.0780164 7490.0658 
2746.1731 1.0779945 7486.0444 
2744.6973 1.0779724 7482.023 
2743.2216 1.0779501 7478.0016 
2741.7459 1.0779275 7473.9803 
2740.2701 1.0779048 7469.9589 
2738.7944 1.0778818 7465.9375 
2737.3187 1.0778586 7461.9161 
2735.8429 1.0778351 7457.8947 
2734.3672 1.0778115 7453.8733 
2732.8914 1.0777876 7449.8519 
2731.4157 1.0777635 7445.8305 
2729.94 1.0777392 7441.8092 
2728.4642 1.0777146 7437.7878 
2726.9885 1.0776899 7433.7664 
2725.5128 1.0776649 7429.745 
2724.037 1.0776397 7425.7236 
2722.5613 1.0776143 7421.7022 
2721.0855 1.0775887 7417.6808 
2719.6098 1.0775628 7413.6594 
2718.1341 1.0775368 7409.6381 
2716.6583 1.0775105 7405.6167 
2715.1826 1.077484 7401.5953 
2713.7069 1.0774573 7397.5739 
2712.2311 1.0774305 7393.5525 
2710.7554 1.0774033 7389.5311 
2709.2796 1.077376 7385.5097 
2707.8039 1.0773485 7381.4883 
2706.3282 1.0773208 7377.467 
2704.8524 1.0772929 7373.4456 
2703.3767 1.0772647 7369.4242 
2701.901 1.0772364 7365.4028 
2700.4252 1.0772079 7361.3814 
2698.9495 1.0771792 7357.36 
2697.4737 1.0771502 7353.3386 
2695.998 1.0771211 7349.3172 
2694.5223 1.0770918 7345.2959 
2693.0465 1.0770623 7341.2745 
2691.5708 1.0770326 7337.2531 
2690.095 1.0770027 7333.2317 
2688.6193 1.0769726 7329.2103 
2687.1436 1.0769423 7325.1889 
2685.6678 1.0769118 7321.1675 
2684.1921 1.0768812 7317.1461 
2682.7164 1.0768504 7313.1248 
2681.2406 1.0768194 7309.1034 
2679.7649 1.0767882 7305.082 
2678.2891 1.0767568 7301.0606 
2676.8134 1.0767252 7297.0392 
2675.3377 1.0766935 7293.0178 
2673.8619 1.0766616 7288.9964 
2672.3862 1.0766295 7284.9751 
2670.9105 1.0765973 7280.9537 
2669.4347 1.0765648 7276.9323 
2667.959 1.0765323 7272.9109 
2666.4832 1.0764995 7268.8895 
2665.0075 1.0764666 7264.8681 
2663.5318 1.0764335 7260.8467 
2662.056 1.0764002 7256.8253 
2660.5803 1.0763668 7252.804 
2659.1046 1.0763332 7248.7826 
2657.6288 1.0762995 7244.7612 
2656.1531 1.0762656 7240.7398 
2654.6773 1.0762316 7236.7184 
2653.2016 1.0761974 7232.697 
2651.7259 1.076163 7228.6756 
2650.2501 1.0761285 7224.6542 
2648.7744 1.0760939 7220.6329 
2647.2986 1.0760591 7216.6115 
2645.8229 1.0760242 7212.5901 
2644.3472 1.0759891 7208.5687 
2642.8714 1.0759538 7204.5473 
2641.3957 1.0759185 7200.5259 
2639.92 1.075883 7196.5045 
2638.4442 1.0758473 7192.4831 
2636.9685 1.0758115 7188.4618 
2635.4927 1.0757756 7184.4404 
2634.017 1.0757396 7180.419 
2632.5413 1.0757034 7176.3976 
2631.0655 1.0756671 7172.3762 
2629.5898 1.0756306 7168.3548 
2628.1141 1.075594 7164.3334 
2626.6383 1.0755573 7160.312 
2625.1626 1.0755205 7156.2907 
2623.6868 1.0754835 7152.2693 
2622.2111 1.0754465 7148.2479 
2620.7354 1.0754093 7144.2265 
2619.2596 1.075372 7140.2051 
2617.7839 1.0753345 7136.1837 
2616.3082 1.075297 7132.1623 
2614.8324 1.0752593 7128.1409 
2613.3567 1.0752215 7124.1196 
2611.8809 1.0751836 7120.0982 
2610.4052 1.0751456 7116.0768 
2608.9295 1.0751075 7112.0554 
2607.4537 1.0750693 7108.034 
2605.978 1.075031 7104.0126 
2604.5023 1.0749925 7099.9912 
2603.0265 1.074954 7095.9698 
2601.5508 1.0749153 7091.9485 
2600.075 1.0748766 7087.9271 
2598.5993 1.0748377 7083.9057 
2597.1236 1.0747988 7079.8843 
2595.6478 1.0747597 7075.8629 
2594.1721 1.0747206 7071.8415 
2592.6963 1.0746813 7067.8201 
2591.2206 1.074642 7063.7987 
2589.7449 1.0746025 7059.7774 
2588.2691 1.074563 7055.756 
2586.7934 1.0745234 7051.7346 
2585.3177 1.0744837 7047.7132 
2583.8419 1.0744438 7043.6918 
2582.3662 1.074404 7039.6704 
2580.8904 1.074364 7035.649 
2579.4147 1.0743239 7031.6276 
2577.939 1.0742837 7027.6063 
2576.4632 1.0742435 7023.5849 
2574.9875 1.0742031 7019.5635 
2573.5118 1.0741627 7015.5421 
2572.036 1.0741222 7011.5207 
2570.5603 1.0740817 7007.4993 
2569.0845 1.074041 7003.4779 
2567.6088 1.0740003 6999.4565 
2566.1331 1.0739594 6995.4352 
2564.6573 1.0739185 6991.4138 
2563.1816 1.0738776 6987.3924 
2561.7059 1.0738365 6983.371 
2560.2301 1.0737954 6979.3496 
2558.7544 1.0737542 6975.3282 
2557.2786 1.0737129 6971.3068 
2555.8029 1.0736715 6967.2854 
2554.3272 1.0736301 6963.2641 
2552.8514 1.0735886 6959.2427 
2551.3757 1.073547 6955.2213 
2549.8999 1.0735054 6951.1999 
2548.4242 1.0734637 6947.1785 
2546.9485 1.0734219 6943.1571 
2545.4727 1.07338 6939.1357 
2543.997 1.0733381 6935.1143 
2542.5213 1.0732961 6931.093 
2541.0455 1.0732541 6927.0716 
2539.5698 1.073212 6923.0502 
2538.094 1.0731698 6919.0288 
2536.6183 1.0731275 6915.0074 
2535.1426 1.0730852 6910.986 
2533.6668 1.0730428 6906.9646 
2532.1911 1.0730004 6902.9432 
2530.7154 1.0729579 6898.9219 
2529.2396 1.0729153 6894.9005 
2527.7639 1.0728727 6890.8791 
2526.2881 1.07283 6886.8577 
2524.8124 1.0727872 6882.8363 
2523.3367 1.0727444 6878.8149 
2521.8609 1.0727015 6874.7935 
2520.3852 1.0726586 6870.7721 
2518.9095 1.0726156 6866.7508 
2517.4337 1.0725726 6862.7294 
2515.958 1.0725294 6858.708 
2514.4822 1.0724863 6854.6866 
2513.0065 1.072443 6850.6652 
2511.5308 1.0723997 6846.6438 
2510.055 1.0723564 6842.6224 
2508.5793 1.072313 6838.601 
2507.1036 1.0722695 6834.5797 
2505.6278 1.072226 6830.5583 
2504.1521 1.0721824 6826.5369 
2502.6763 1.0721388 6822.5155 
2501.2006 1.0720951 6818.4941 
2499.7249 1.0720514 6814.4727 
2498.2491 1.0720076 6810.4513 
2496.7734 1.0719637 6806.4299 
2495.2976 1.0719198 6802.4085 
2493.8219 1.0718759 6798.3872 
2492.3462 1.0718318 6794.3658 
2490.8704 1.0717878 6790.3444 
2489.3947 1.0717436 6786.323 
2487.919 1.0716995 6782.3016 
2486.4432 1.0716552 6778.2802 
2484.9675 1.0716109 6774.2588 
2483.4917 1.0715666 6770.2374 
2482.016 1.0715222 6766.2161 
2480.5403 1.0714777 6762.1947 
2479.0645 1.0714332 6758.1733 
2477.5888 1.0713887 6754.1519 
2476.1131 1.0713441 6750.1305 
2474.6373 1.0712994 6746.1091 
2473.1616 1.0712547 6742.0877 
2471.6858 1.0712099 6738.0663 
2470.2101 1.0711651 6734.045 
2468.7344 1.0711202 6730.0236 
2467.2586 1.0710753 6726.0022 
2465.7829 1.0710303 6721.9808 
2464.3072 1.0709852 6717.9594 
2462.8314 1.0709402 6713.938 
2461.3557 1.070895 6709.9166 
2459.8799 1.0708498 6705.8952 
2458.4042 1.0708046 6701.8739 
2456.9285 1.0707592 6697.8525 
2455.4527 1.0707139 6693.8311 
2453.977 1.0706685 6689.8097 
2452.5013 1.070623 6685.7883 
2451.0255 1.0705775 6681.7669 
2449.5498 1.0705319 6677.7455 
2448.074 1.0704863 6673.7241 
2446.5983 1.0704406 6669.7028 
2445.1226 1.0703948 6665.6814 
2443.6468 1.0703491 6661.66 
2442.1711 1.0703032 6657.6386 
2440.6953 1.0702573 6653.6172 
2439.2196 1.0702113 6649.5958 
2437.7439 1.0701653 6645.5744 
2436.2681 1.0701193 6641.553 
2434.7924 1.0700731 6637.5317 
2433.3167 1.0700269 6633.5103 
2431.8409 1.0699807 6629.4889 
2430.3652 1.0699344 6625.4675 
2428.8894 1.0698881 6621.4461 
2427.4137 1.0698417 6617.4247 
2425.938 1.0697952 6613.4033 
2424.4622 1.0697487 6609.3819 
2422.9865 1.0697021 6605.3605 
2421.5108 1.0696554 6601.3392 
2420.035 1.0696088 6597.3178 
2418.5593 1.069562 6593.2964 
2417.0835 1.0695152 6589.275 
2415.6078 1.0694683 6585.2536 
2414.1321 1.0694214 6581.2322 
2412.6563 1.0693744 6577.2108 
2411.1806 1.0693273 6573.1894 
2409.7049 1.0692802 6569.1681 
2408.2291 1.0692331 6565.1467 
2406.7534 1.0691858 6561.1253 
2405.2776 1.0691386 6557.1039 
2403.8019 1.0690912 6553.0825 
2402.3262 1.0690438 6549.0611 
2400.8504 1.0689963 6545.0397 
2399.3747 1.0689488 6541.0183 
2397.8989 1.0689012 6536.997 
2396.4232 1.0688535 6532.9756 
2394.9475 1.0688058 6528.9542 
2393.4717 1.068758 6524.9328 
2391.996 1.0687101 6520.9114 
2390.5203 1.0686622 6516.89 
2389.0445 1.0686142 6512.8686 
2387.5688 1.0685662 6508.8472 
2386.093 1.0685181 6504.8259 
2384.6173 1.0684699 6500.8045 
2383.1416 1.0684216 6496.7831 
2381.6658 1.0683733 6492.7617 
2380.1901 1.0683249 6488.7403 
2378.7144 1.0682765 6484.7189 
2377.2386 1.068228 6480.6975 
2375.7629 1.0681794 6476.6761 
2374.2871 1.0681307 6472.6548 
2372.8114 1.068082 6468.6334 
2371.3357 1.0680332 6464.612 
2369.8599 1.0679844 6460.5906 
2368.3842 1.0679354 6456.5692 
2366.9085 1.0678864 6452.5478 
2365.4327 1.0678373 6448.5264 
2363.957 1.0677882 6444.505 
2362.4812 1.067739 6440.4836 
2361.0055 1.0676897 6436.4623 
2359.5298 1.0676403 6432.4409 
2358.054 1.0675909 6428.4195 
2356.5783 1.0675414 6424.3981 
2355.1026 1.0674918 6420.3767 
2353.6268 1.0674421 6416.3553 
2352.1511 1.0673924 6412.3339 
2350.6753 1.0673425 6408.3125 
2349.1996 1.0672926 6404.2912 
2347.7239 1.0672427 6400.2698 
2346.2481 1.0671926 6396.2484 
2344.7724 1.0671425 6392.227 
2343.2966 1.0670923 6388.2056 
2341.8209 1.067042 6384.1842 
2340.3452 1.0669916 6380.1628 
2338.8694 1.0669412 6376.1414 
2337.3937 1.0668906 6372.1201 
2335.918 1.06684 6368.0987 
2334.4422 1.0667893 6364.0773 
2332.9665 1.0667386 6360.0559 
2331.4907 1.0666877 6356.0345 
2330.015 1.0666368 6352.0131 
2328.5393 1.0665857 6347.9917 
2327.0635 1.0665346 6343.9703 
2325.5878 1.0664834 6339.9489 
2324.1121 1.0664321 6335.9276 
2322.6363 1.0663808 6331.9062 
2321.1606 1.0663293 6327.8848 
2319.6848 1.0662778 6323.8634 
2318.2091 1.0662261 6319.842 
2316.7334 1.0661744 6315.8206 
2315.2576 1.0661226 6311.7992 
2313.7819 1.0660707 6307.7778 
2312.3062 1.0660187 6303.7565 
2310.8304 1.0659666 6299.7351 
2309.3547 1.0659145 6295.7137 
2307.8789 1.0658622 6291.6923 
2306.4032 1.0658098 6287.6709 
2304.9275 1.0657574 6283.6495 
2303.4517 1.0657048 6279.6281 
2301.976 1.0656522 6275.6067 
2300.5003 1.0655994 6271.5853 
2299.0245 1.0655466 6267.564 
2297.5488 1.0654937 6263.5426 
2296.073 1.0654406 6259.5212 
2294.5973 1.0653875 6255.4998 
2293.1216 1.0653343 6251.4784 
2291.6458 1.065281 6247.457 
2290.1701 1.0652275 6243.4356 
2288.6943 1.065174 6239.4142 
2287.2186 1.0651204 6235.3929 
2285.7429 1.0650667 6231.3715 
2284.2671 1.0650128 6227.3501 
2282.7914 1.0649589 6223.3287 
2281.3157 1.0649049 6219.3073 
2279.8399 1.0648507 6215.2859 
2278.3642 1.0647965 6211.2645 
2276.8884 1.0647421 6207.2431 
2275.4127 1.0646877 6203.2218 
2273.937 1.0646331 6199.2004 
2272.4612 1.0645784 6195.179 
2270.9855 1.0645236 6191.1576 
2269.5098 1.0644688 6187.1362 
2268.034 1.0644138 6183.1148 
2266.5583 1.0643586 6179.0934 
2265.0825 1.0643034 6175.072 
2263.6068 1.0642481 6171.0506 
2262.1311 1.0641926 6167.0293 
2260.6553 1.0641371 6163.0079 
2259.1796 1.0640814 6158.9865 
2257.7039 1.0640256 6154.9651 
2256.2281 1.0639697 6150.9437 
2254.7524 1.0639137 6146.9223 
2253.2766 1.0638576 6142.9009 
2251.8009 1.0638013 6138.8795 
2250.3252 1.063745 6134.8582 
2248.8494 1.0636885 6130.8368 
2247.3737 1.0636319 6126.8154 
2245.8979 1.0635751 6122.794 
2244.4222 1.0635183 6118.7726 
2242.9465 1.0634613 6114.7512 
2241.4707 1.0634042 6110.7298 
2239.995 1.063347 6106.7084 
2238.5193 1.0632897 6102.687 
2237.0435 1.0632322 6098.6657 
2235.5678 1.0631746 6094.6443 
2234.092 1.0631169 6090.6229 
2232.6163 1.0630591 6086.6015 
2231.1406 1.0630011 6082.5801 
2229.6648 1.062943 6078.5587 
2228.1891 1.0628848 6074.5373 
2226.7134 1.0628264 6070.5159 
2225.2376 1.0627679 6066.4946 
2223.7619 1.0627093 6062.4732 
2222.2861 1.0626505 6058.4518 
2220.8104 1.0625917 6054.4304 
2219.3347 1.0625326 6050.409 
2217.8589 1.0624735 6046.3876 
2216.3832 1.0624142 6042.3662 
2214.9075 1.0623548 6038.3448 
2213.4317 1.0622952 6034.3234 
2211.956 1.0622355 6030.3021 
2210.4802 1.0621757 6026.2807 
2209.0045 1.0621157 6022.2593 
2207.5288 1.0620556 6018.2379 
2206.053 1.0619954 6014.2165 
2204.5773 1.061935 6010.1951 
2203.1016 1.0618744 6006.1737 
2201.6258 1.0618138 6002.1523 
2200.1501 1.0617529 5998.1309 
2198.6743 1.061692 5994.1096 
2197.1986 1.0616309 5990.0882 
2195.7229 1.0615696 5986.0668 
2194.2471 1.0615082 5982.0454 
2192.7714 1.0614467 5978.024 
2191.2956 1.0613849 5974.0026 
2189.8199 1.0613231 5969.9812 
2188.3442 1.0612611 5965.9598 
2186.8684 1.0611989 5961.9385 
2185.3927 1.0611366 5957.9171 
2183.917 1.0610742 5953.8957 
2182.4412 1.0610116 5949.8743 
2180.9655 1.0609488 5945.8529 
2179.4897 1.0608859 5941.8315 
2178.014 1.0608228 5937.8101 
2176.5383 1.0607596 5933.7887 
2175.0625 1.0606962 5929.7673 
2173.5868 1.0606327 5925.746 
2172.1111 1.060569 5921.7246 
2170.6353 1.0605051 5917.7032 
2169.1596 1.0604411 5913.6818 
2167.6838 1.0603769 5909.6604 
2166.2081 1.0603125 5905.639 
2164.7324 1.060248 5901.6176 
2163.2566 1.0601833 5897.5962 
2161.7809 1.0601185 5893.5748 
2160.3052 1.0600535 5889.5535 
2158.8294 1.0599883 5885.5321 
2157.3537 1.0599229 5881.5107 
2155.8779 1.0598574 5877.4893 
2154.4022 1.0597917 5873.4679 
2152.9265 1.0597259 5869.4465 
2151.4507 1.0596599 5865.4251 
2149.975 1.0595937 5861.4037 
2148.4992 1.0595273 5857.3824 
2147.0235 1.0594607 5853.361 
2145.5478 1.059394 5849.3396 
2144.072 1.0593271 5845.3182 
2142.5963 1.05926 5841.2968 
2141.1206 1.0591928 5837.2754 
2139.6448 1.0591254 5833.254 
2138.1691 1.0590577 5829.2326 
2136.6933 1.0589899 5825.2112 
2135.2176 1.058922 5821.1899 
2133.7419 1.0588538 5817.1685 
2132.2661 1.0587855 5813.1471 
2130.7904 1.058717 5809.1257 
2129.3147 1.0586482 5805.1043 
2127.8389 1.0585794 5801.0829 
2126.3632 1.0585103 5797.0615 
2124.8874 1.058441 5793.0401 
2123.4117 1.0583715 5789.0187 
2121.936 1.0583019 5784.9974 
2120.4602 1.0582321 5780.976 
2118.9845 1.058162 5776.9546 
2117.5088 1.0580918 5772.9332 
2116.033 1.0580214 5768.9118 
2114.5573 1.0579508 5764.8904 
2113.0815 1.05788 5760.869 
2111.6058 1.057809 5756.8476 
2110.1301 1.0577377 5752.8262 
2108.6543 1.0576663 5748.8049 
2107.1786 1.0575947 5744.7835 
2105.7029 1.0575229 5740.7621 
2104.2271 1.0574509 5736.7407 
2102.7514 1.0573787 5732.7193 
2101.2756 1.0573063 5728.6979 
2099.7999 1.0572337 5724.6765 
2098.3242 1.0571609 5720.6551 
2096.8484 1.0570879 5716.6338 
2095.3727 1.0570146 5712.6124 
2093.8969 1.0569412 5708.591 
2092.4212 1.0568676 5704.5696 
2090.9455 1.0567937 5700.5482 
2089.4697 1.0567196 5696.5268 
2087.994 1.0566453 5692.5054 
2086.5183 1.0565708 5688.484 
2085.0425 1.0564961 5684.4626 
2083.5668 1.0564212 5680.4413 
2082.091 1.056346 5676.4199 
2080.6153 1.0562707 5672.3985 
2079.1396 1.0561951 5668.3771 
2077.6638 1.0561193 5664.3557 
2076.1881 1.0560433 5660.3343 
2074.7124 1.055967 5656.3129 
2073.2366 1.0558906 5652.2915 
2071.7609 1.0558139 5648.2701 
2070.2851 1.055737 5644.2488 
2068.8094 1.0556598 5640.2274 
2067.3337 1.0555825 5636.206 
2065.8579 1.0555049 5632.1846 
2064.3822 1.055427 5628.1632 
2062.9065 1.055349 5624.1418 
2061.4307 1.0552707 5620.1204 
2059.955 1.0551922 5616.099 
2058.4792 1.0551134 5612.0776 
2057.0035 1.0550344 5608.0563 
2055.5278 1.0549552 5604.0349 
2054.052 1.0548757 5600.0135 
2052.5763 1.054796 5595.9921 
2051.1006 1.0547161 5591.9707 
2049.6248 1.0546359 5587.9493 
2048.1491 1.0545555 5583.9279 
2046.6733 1.0544748 5579.9065 
2045.1976 1.0543939 5575.8851 
2043.7219 1.0543128 5571.8638 
2042.2461 1.0542314 5567.8424 
2040.7704 1.0541498 5563.821 
2039.2946 1.0540679 5559.7996 
2037.8189 1.0539857 5555.7782 
2036.3432 1.0539033 5551.7568 
2034.8674 1.0538207 5547.7354 
2033.3917 1.0537378 5543.714 
2031.916 1.0536547 5539.6926 
2030.4402 1.0535713 5535.6713 
2028.9645 1.0534876 5531.6499 
2027.4887 1.0534037 5527.6285 
2026.013 1.0533195 5523.6071 
2024.5373 1.0532351 5519.5857 
2023.0615 1.0531504 5515.5643 
2021.5858 1.0530654 5511.5429 
2020.1101 1.0529802 5507.5215 
2018.6343 1.0528948 5503.5001 
2017.1586 1.052809 5499.4788 
2015.6828 1.052723 5495.4574 
2014.2071 1.0526367 5491.436 
2012.7314 1.0525502 5487.4146 
2011.2556 1.0524634 5483.3932 
2009.7799 1.0523763 5479.3718 
2008.3042 1.0522889 5475.3504 
2006.8284 1.0522013 5471.329 
2005.3527 1.0521134 5467.3076 
2003.8769 1.0520252 5463.2862 
2002.4012 1.0519368 5459.2649 
2000.9255 1.051848 5455.2435 
1999.4497 1.051759 5451.2221 
1997.974 1.0516697 5447.2007 
1996.4982 1.0515801 5443.1793 
1995.0225 1.0514903 5439.1579 
1993.5468 1.0514001 5435.1365 
1992.071 1.0513097 5431.1151 
1990.5953 1.051219 5427.0937 
1989.1196 1.051128 5423.0724 
1987.6438 1.0510367 5419.051 
1986.1681 1.0509451 5415.0296 
1984.6923 1.0508532 5411.0082 
1983.2166 1.0507611 5406.9868 
1981.7409 1.0506686 5402.9654 
1980.2651 1.0505759 5398.944 
1978.7894 1.0504828 5394.9226 
1977.3137 1.0503895 5390.9012 
1975.8379 1.0502958 5386.8799 
1974.3622 1.0502019 5382.8585 
1972.8864 1.0501076 5378.8371 
1971.4107 1.0500131 5374.8157 
1969.935 1.0499182 5370.7943 
1968.4592 1.0498231 5366.7729 
1966.9835 1.0497276 5362.7515 
1965.5078 1.0496318 5358.7301 
1964.032 1.0495358 5354.7087 
1962.5563 1.0494394 5350.6874 
1961.0805 1.0493427 5346.666 
1959.6048 1.0492457 5342.6446 
1958.1291 1.0491483 5338.6232 
1956.6533 1.0490507 5334.6018 
1955.1776 1.0489527 5330.5804 
1953.7019 1.0488545 5326.559 
1952.2261 1.0487559 5322.5376 
1950.7504 1.0486569 5318.5162 
1949.2746 1.0485577 5314.4948 
1947.7989 1.0484582 5310.4735 
1946.3232 1.0483583 5306.4521 
1944.8474 1.0482581 5302.4307 
1943.3717 1.0481575 5298.4093 
1941.8959 1.0480567 5294.3879 
1940.4202 1.0479555 5290.3665 
1938.9445 1.0478539 5286.3451 
1937.4687 1.0477521 5282.3237 
1935.993 1.0476499 5278.3023 
1934.5173 1.0475474 5274.281 
1933.0415 1.0474445 5270.2596 
1931.5658 1.0473413 5266.2382 
1930.09 1.0472378 5262.2168 
1928.6143 1.0471339 5258.1954 
1927.1386 1.0470297 5254.174 
1925.6628 1.0469252 5250.1526 
1924.1871 1.0468203 5246.1312 
1922.7114 1.046715 5242.1098 
1921.2356 1.0466094 5238.0884 
1919.7599 1.0465035 5234.0671 
1918.2841 1.0463972 5230.0457 
1916.8084 1.0462906 5226.0243 
1915.3327 1.0461836 5222.0029 
1913.8569 1.0460762 5217.9815 
1912.3812 1.0459685 5213.9601 
1910.9055 1.0458605 5209.9387 
1909.4297 1.0457521 5205.9173 
1907.954 1.0456433 5201.8959 
1906.4782 1.0455342 5197.8746 
1905.0025 1.0454247 5193.8532 
1903.5268 1.0453148 5189.8318 
1902.051 1.0452046 5185.8104 
1900.5753 1.045094 5181.789 
1899.0995 1.0449831 5177.7676 
1897.6238 1.0448718 5173.7462 
1896.1481 1.0447601 5169.7248 
1894.6723 1.0446481 5165.7034 
1893.1966 1.0445356 5161.682 
1891.7209 1.0444228 5157.6607 
1890.2451 1.0443097 5153.6393 
1888.7694 1.0441961 5149.6179 
1887.2936 1.0440822 5145.5965 
1885.8179 1.0439679 5141.5751 
1884.3422 1.0438532 5137.5537 
1882.8664 1.0437381 5133.5323 
1881.3907 1.0436227 5129.5109 
1879.915 1.0435068 5125.4895 
1878.4392 1.0433906 5121.4681 
1876.9635 1.043274 5117.4468 
1875.4877 1.043157 5113.4254 
1874.012 1.0430396 5109.404 
1872.5363 1.0429218 5105.3826 
1871.0605 1.0428037 5101.3612 
1869.5848 1.0426851 5097.3398 
1868.1091 1.0425661 5093.3184 
1866.6333 1.0424468 5089.297 
1865.1576 1.042327 5085.2756 
1863.6818 1.0422068 5081.2543 
1862.2061 1.0420863 5077.2329 
1860.7304 1.0419653 5073.2115 
1859.2546 1.0418439 5069.1901 
1857.7789 1.0417222 5065.1687 
1856.3032 1.0416 5061.1473 
1854.8274 1.0414774 5057.1259 
1853.3517 1.0413544 5053.1045 
1851.8759 1.041231 5049.0831 
1850.4002 1.0411071 5045.0617 
1848.9245 1.0409829 5041.0404 
1847.4487 1.0408582 5037.019 
1845.973 1.0407331 5032.9976 
1844.4972 1.0406076 5028.9762 
1843.0215 1.0404817 5024.9548 
1841.5458 1.0403554 5020.9334 
1840.07 1.0402286 5016.912 
1838.5943 1.0401014 5012.8906 
1837.1186 1.0399737 5008.8692 
1835.6428 1.0398457 5004.8478 
1834.1671 1.0397172 5000.8265 
1832.6913 1.0395883 4996.8051 
1831.2156 1.0394589 4992.7837 
1829.7399 1.0393291 4988.7623 
1828.2641 1.0391989 4984.7409 
1826.7884 1.0390682 4980.7195 
1825.3127 1.0389371 4976.6981 
1823.8369 1.0388055 4972.6767 
1822.3612 1.0386735 4968.6553 
1820.8854 1.0385411 4964.6339 
1819.4097 1.0384082 4960.6126 
1817.934 1.0382748 4956.5912 
1816.4582 1.038141 4952.5698 
1814.9825 1.0380068 4948.5484 
1813.5068 1.037872 4944.527 
1812.031 1.0377369 4940.5056 
1810.5553 1.0376012 4936.4842 
1809.0795 1.0374651 4932.4628 
1807.6038 1.0373286 4928.4414 
1806.1281 1.0371915 4924.42 
1804.6523 1.037054 4920.3986 
1803.1766 1.0369161 4916.3773 
1801.7009 1.0367776 4912.3559 
1800.2251 1.0366387 4908.3345 
1798.7494 1.0364993 4904.3131 
1797.2736 1.0363594 4900.2917 
1795.7979 1.0362191 4896.2703 
1794.3222 1.0360782 4892.2489 
1792.8464 1.0359369 4888.2275 
1791.3707 1.0357951 4884.2061 
1789.8949 1.0356528 4880.1847 
1788.4192 1.03551 4876.1634 
1786.9435 1.0353667 4872.142 
1785.4677 1.0352229 4868.1206 
1783.992 1.0350786 4864.0992 
1782.5163 1.0349338 4860.0778 
1781.0405 1.0347884 4856.0564 
1779.5648 1.0346426 4852.035 
1778.089 1.0344963 4848.0136 
1776.6133 1.0343494 4843.9922 
1775.1376 1.034202 4839.9708 
1773.6618 1.0340541 4835.9495 
1772.1861 1.0339057 4831.9281 
1770.7104 1.0337567 4827.9067 
1769.2346 1.0336072 4823.8853 
1767.7589 1.0334572 4819.8639 
1766.2831 1.0333066 4815.8425 
1764.8074 1.0331555 4811.8211 
1763.3317 1.0330038 4807.7997 
1761.8559 1.0328516 4803.7783 
1760.3802 1.0326989 4799.7569 
1758.9045 1.0325455 4795.7355 
1757.4287 1.0323916 4791.7142 
1755.953 1.0322371 4787.6928 
1754.4772 1.0320821 4783.6714 
1753.0015 1.0319265 4779.65 
1751.5258 1.0317703 4775.6286 
1750.05 1.0316135 4771.6072 
1748.5743 1.0314561 4767.5858 
1747.0985 1.0312981 4763.5644 
1745.6228 1.0311395 4759.543 
1744.1471 1.0309803 4755.5216 
1742.6713 1.0308205 4751.5003 
1741.1956 1.0306601 4747.4789 
1739.7199 1.030499 4743.4575 
1738.2441 1.0303373 4739.4361 
1736.7684 1.030175 4735.4147 
1735.2926 1.030012 4731.3933 
1733.8169 1.0298484 4727.3719 
1732.3412 1.0296841 4723.3505 
1730.8654 1.0295191 4719.3291 
1729.3897 1.0293535 4715.3077 
1727.914 1.0291872 4711.2863 
1726.4382 1.0290202 4707.265 
1724.9625 1.0288525 4703.2436 
1723.4867 1.028684 4699.2222 
1722.011 1.0285149 4695.2008 
1720.5353 1.028345 4691.1794 
1719.0595 1.0281744 4687.158 
1717.5838 1.0280031 4683.1366 
1716.1081 1.027831 4679.1152 
1714.6323 1.0276581 4675.0938 
1713.1566 1.0274844 4671.0724 
1711.6808 1.02731 4667.051 
1710.2051 1.0271348 4663.0297 
1708.7294 1.0269587 4659.0083 
1707.2536 1.0267818 4654.9869 
1705.7779 1.0266041 4650.9655 
1704.3022 1.0264255 4646.9441 
1702.8264 1.026246 4642.9227 
1701.3507 1.0260657 4638.9013 
1699.8749 1.0258845 4634.8799 
1698.3992 1.0257023 4630.8585 
1696.9235 1.0255192 4626.8371 
1695.4477 1.0253352 4622.8157 
1693.972 1.0251502 4618.7944 
1692.4962 1.0249642 4614.773 
1691.0205 1.0247773 4610.7516 
1689.5448 1.0245893 4606.7302 
1688.069 1.0244002 4602.7088 
1686.5933 1.0242101 4598.6874 
1685.1176 1.024019 4594.666 
1683.6418 1.0238267 4590.6446 
1682.1661 1.0236332 4586.6232 
1680.6903 1.0234387 4582.6018 
1679.2146 1.0232429 4578.5804 
1677.7389 1.023046 4574.5591 
1676.2631 1.0228478 4570.5377 
1674.7874 1.0226484 4566.5163 
1673.3117 1.0224476 4562.4949 
1671.8359 1.0222456 4558.4735 
1670.3602 1.0220422 4554.4521 
1668.8844 1.0218374 4550.4307 
1667.4087 1.0216312 4546.4093 
1665.933 1.0214236 4542.3879 
1664.4572 1.0212144 4538.3665 
1662.9815 1.0210038 4534.3451 
1661.5058 1.0207916 4530.3237 
1660.03 1.0205778 4526.3024 
1658.5543 1.0203623 4522.281 
1657.0785 1.0201452 4518.2596 
1655.6028 1.0199264 4514.2382 
1654.1271 1.0197057 4510.2168 
1652.6513 1.0194833 4506.1954 
1651.1756 1.0192589 4502.174 
1649.6998 1.0190327 4498.1526 
1648.2241 1.0188044 4494.1312 
1646.7484 1.0185742 4490.1098 
1645.2726 1.0183418 4486.0884 
1643.7969 1.0181073 4482.067 
1642.3212 1.0178706 4478.0457 
1640.8454 1.0176316 4474.0243 
1639.3697 1.0173903 4470.0029 
1637.8939 1.0171466 4465.9815 
1636.4182 1.0169004 4461.9601 
1634.9425 1.0166516 4457.9387 
1633.4667 1.0164002 4453.9173 
1631.991 1.0161461 4449.8959 
1630.5153 1.0158893 4445.8745 
1629.0395 1.0156295 4441.8531 
1627.5638 1.0153668 4437.8317 
1626.088 1.015101 4433.8103 
1624.6123 1.0148321 4429.789 
1623.1366 1.01456 4425.7676 
1621.6608 1.0142845 4421.7462 
1620.1851 1.0140056 4417.7248 
1618.7094 1.0137231 4413.7034 
1617.2336 1.013437 4409.682 
1615.7579 1.0131471 4405.6606 
1614.2821 1.0128532 4401.6392 
1612.8064 1.0125554 4397.6178 
1611.3307 1.0122534 4393.5964 
1609.8549 1.0119472 4389.575 
1608.3792 1.0116365 4385.5536 
1606.9035 1.0113213 4381.5323 
1605.4277 1.0110014 4377.5109 
1603.952 1.0106767 4373.4895 
1602.4762 1.0103469 4369.4681 
1601.0005 1.010012 4365.4467 
1599.5248 1.0096718 4361.4253 
1598.049 1.0093261 4357.4039 
1596.5733 1.0089747 4353.3825 
1595.0975 1.0086175 4349.3611 
1593.6218 1.0082542 4345.3397 
1592.1461 1.0078848 4341.3183 
1590.6703 1.0075089 4337.2969 
1589.1946 1.0071264 4333.2755 
1587.7189 1.006737 4329.2542 
1586.2431 1.0063407 4325.2328 
1584.7674 1.0059371 4321.2114 
1583.2916 1.0055259 4317.19 
1581.8159 1.0051071 4313.1686 
1580.3402 1.0046804 4309.1472 
1578.8644 1.0042454 4305.1258 
1577.3887 1.003802 4301.1044 
1575.913 1.0033498 4297.083 
1574.4372 1.0028888 4293.0616 
1572.9615 1.0024185 4289.0402 
1571.4857 1.0019386 4285.0188 
1570.01 1.001449 4280.9974 
1568.5343 1.0009493 4276.976 
1567.0585 1.0004393 4272.9547 
1565.5828 0.99991857 4268.9333 
1564.1071 0.99938689 4264.9119 
1562.6313 0.99884393 4260.8905 
1561.1556 0.99828938 4256.8691 
1559.6798 0.99772291 4252.8477 
1558.2041 0.9971442 4248.8263 
1556.7284 0.99655293 4244.8049 
1555.2526 0.99594875 4240.7835 
1553.7769 0.99533133 4236.7621 
1552.3012 0.99470032 4232.7407 
1550.8254 0.99405537 4228.7193 
1549.3497 0.99339614 4224.6979 
1547.8739 0.99272227 4220.6765 
1546.3982 0.99203341 4216.6551 
1544.9225 0.99132919 4212.6338 
1543.4467 0.99060925 4208.6124 
1541.971 0.98987323 4204.591 
1540.4952 0.98912076 4200.5696 
1539.0195 0.98835148 4196.5482 
1537.5438 0.98756502 4192.5268 
1536.068 0.98676102 4188.5054 
1534.5923 0.9859391 4184.484 
1533.1166 0.98509891 4180.4626 
1531.6408 0.98424008 4176.4412 
1530.1651 0.98336224 4172.4198 
1528.6893 0.98246504 4168.3984 
1527.2136 0.98154812 4164.377 
1525.7379 0.98061112 4160.3556 
1524.2621 0.9796537 4156.3342 
1522.7864 0.9786755 4152.3128 
1521.3107 0.97767619 4148.2914 
1519.8349 0.97665543 4144.27 
1518.3592 0.97561288 4140.2487 
1516.8834 0.97454823 4136.2273 
1515.4077 0.97346114 4132.2059 
1513.932 0.97235131 4128.1845 
1512.4562 0.97121843 4124.1631 
1510.9805 0.9700622 4120.1417 
1509.5048 0.96888234 4116.1203 
1508.029 0.96767855 4112.0989 
1506.5533 0.96645056 4108.0775 
1505.0775 0.9651981 4104.0561 
1503.6018 0.96392093 4100.0347 
1502.1261 0.96261878 4096.0133 
1500.6503 0.96129143 4091.9919 
1499.1746 0.95993863 4087.9705 
1497.6988 0.95856018 4083.9491 
1496.2231 0.95715586 4079.9277 
1494.7474 0.95572546 4075.9063 
1493.2716 0.95426881 4071.8849 
1491.7959 0.95278572 4067.8635 
1490.3202 0.95127602 4063.8421 
1488.8444 0.94973955 4059.8207 
1487.3687 0.94817616 4055.7993 
1485.8929 0.94658572 4051.7779 
1484.4172 0.9449681 4047.7565 
1482.9415 0.94332317 4043.7351 
1481.4657 0.94165084 4039.7137 
1479.99 0.939951 4035.6923 
1478.5143 0.93822357 4031.6709 
1477.0385 0.93646848 4027.6495 
1475.5628 0.93468565 4023.6281 
1474.087 0.93287504 4019.6067 
1472.6113 0.93103659 4015.5853 
1471.1356 0.92917027 4011.5639 
1469.6598 0.92727606 4007.5426 
1468.1841 0.92535394 4003.5212 
1466.7084 0.9234039 3999.4998 
1465.2326 0.92142594 3995.4784 
1463.7569 0.91942009 3991.457 
1462.2811 0.91738635 3987.4356 
1460.8054 0.91532477 3983.4142 
1459.3297 0.91323537 3979.3928 
1457.8539 0.91111822 3975.3714 
1456.3782 0.90897337 3971.35 
1454.9025 0.90680087 3967.3286 
1453.4267 0.90460082 3963.3072 
1451.951 0.90237328 3959.2857 
1450.4752 0.90011836 3955.2643 
1448.9995 0.89783614 3951.2429 
1447.5238 0.89552674 3947.2215 
1446.048 0.89319027 3943.2001 
1444.5723 0.89082684 3939.1787 
1443.0965 0.88843659 3935.1573 
1441.6208 0.88601966 3931.1359 
1440.1451 0.88357618 3927.1145 
1438.6693 0.8811063 3923.0931 
1437.1936 0.87861018 3919.0717 
1435.7179 0.87608798 3915.0503 
1434.2421 0.87353987 3911.0289 
1432.7664 0.87096603 3907.0075 
1431.2906 0.86836663 3902.9861 
1429.8149 0.86574186 3898.9647 
1428.3392 0.86309191 3894.9433 
1426.8634 0.86041698 3890.9219 
1425.3877 0.85771727 3886.9005 
1423.912 0.85499299 3882.8791 
1422.4362 0.85224435 3878.8577 
1420.9605 0.84947158 3874.8363 
1419.4847 0.84667489 3870.8149 
1418.009 0.84385451 3866.7935 
1416.5333 0.84101067 3862.7721 
1415.0575 0.8381436 3858.7507 
1413.5818 0.83525356 3854.7293 
1412.1061 0.83234078 3850.7079 
1410.6303 0.82940551 3846.6864 
1409.1546 0.826448 3842.665 
1407.6788 0.82346851 3838.6436 
1406.2031 0.82046729 3834.6222 
1404.7274 0.81744462 3830.6008 
1403.2516 0.81440075 3826.5794 
1401.7759 0.81133596 3822.558 
1400.3002 0.80825051 3818.5366 
1398.8244 0.80514468 3814.5152 
1397.3487 0.80201875 3810.4938 
1395.8729 0.798873 3806.4724 
1394.3972 0.79570771 3802.451 
1392.9215 0.79252317 3798.4295 
1391.4457 0.78931966 3794.4081 
1389.97 0.78609748 3790.3867 
1388.4942 0.78285691 3786.3653 
1387.0185 0.77959825 3782.3439 
1385.5428 0.77632179 3778.3225 
1384.067 0.77302784 3774.3011 
1382.5913 0.76971668 3770.2797 
1381.1156 0.76638863 3766.2583 
1379.6398 0.76304398 3762.2368 
1378.1641 0.75968303 3758.2154 
1376.6883 0.75630609 3754.194 
1375.2126 0.75291347 3750.1726 
1373.7369 0.74950547 3746.1512 
1372.2611 0.7460824 3742.1298 
1370.7854 0.74264457 3738.1084 
1369.3097 0.73919228 3734.087 
1367.8339 0.73572585 3730.0655 
1366.3582 0.73224559 3726.0441 
1364.8824 0.72875181 3722.0227 
1363.4067 0.72524481 3718.0013 
1361.931 0.72172492 3713.9799 
1360.4552 0.71819244 3709.9585 
1358.9795 0.71464769 3705.937 
1357.5038 0.71109097 3701.9156 
1356.028 0.7075226 3697.8942 
1354.5523 0.7039429 3693.8728 
1353.0765 0.70035217 3689.8514 
1351.6008 0.69675074 3685.8299 
1350.1251 0.6931389 3681.8085 
1348.6493 0.68951697 3677.7871 
1347.1736 0.68588526 3673.7657 
1345.6978 0.68224409 3669.7443 
1344.2221 0.67859377 3665.7228 
1342.7464 0.6749346 3661.7014 
1341.2706 0.67126689 3657.68 
1339.7949 0.66759096 3653.6586 
1338.3192 0.66390711 3649.6372 
1336.8434 0.66021565 3645.6157 
1335.3677 0.65651689 3641.5943 
1333.8919 0.65281113 3637.5729 
1332.4162 0.64909867 3633.5515 
1330.9405 0.64537983 3629.53 
1329.4647 0.64165491 3625.5086 
1327.989 0.63792421 3621.4872 
1326.5133 0.63418802 3617.4658 
1325.0375 0.63044665 3613.4443 
1323.5618 0.62670041 3609.4229 
1322.086 0.62294958 3605.4015 
1320.6103 0.61919447 3601.3801 
1319.1346 0.61543537 3597.3586 
1317.6588 0.61167257 3593.3372 
1316.1831 0.60790638 3589.3158 
1314.7074 0.60413707 3585.2943 
1313.2316 0.60036495 3581.2729 
1311.7559 0.5965903 3577.2515 
1310.2801 0.59281341 3573.23 
1308.8044 0.58903457 3569.2086 
1307.3287 0.58525406 3565.1872 
1305.8529 0.58147217 3561.1657 
1304.3772 0.57768918 3557.1443 
1302.9015 0.57390537 3553.1229 
1301.4257 0.57012102 3549.1014 
1299.95 0.56633641 3545.08 
1298.4742 0.56255181 3541.0586 
1296.9985 0.55876751 3537.0371 
1295.5228 0.55498377 3533.0157 
1294.047 0.55120087 3528.9942 
1292.5713 0.54741907 3524.9728 
1291.0955 0.54363866 3520.9514 
1289.6198 0.53985988 3516.9299 
1288.1441 0.53608302 3512.9085 
1286.6683 0.53230833 3508.887 
1285.1926 0.52853608 3504.8656 
1283.7169 0.52476652 3500.8441 
1282.2411 0.52099992 3496.8227 
1280.7654 0.51723654 3492.8012 
1279.2896 0.51347663 3488.7798 
1277.8139 0.50972044 3484.7584 
1276.3382 0.50596824 3480.7369 
1274.8624 0.50222026 3476.7155 
1273.3867 0.49847676 3472.694 
1271.911 0.49473798 3468.6726 
1270.4352 0.49100418 3464.6511 
1268.9595 0.48727559 3460.6296 
1267.4837 0.48355246 3456.6082 
1266.008 0.47983504 3452.5867 
1264.5323 0.47612355 3448.5653 
1263.0565 0.47241823 3444.5438 
1261.5808 0.46871933 3440.5224 
1260.1051 0.46502707 3436.5009 
1258.6293 0.46134168 3432.4794 
1257.1536 0.45766341 3428.458 
1255.6778 0.45399247 3424.4365 
1254.2021 0.45032909 3420.4151 
1252.7264 0.4466735 3416.3936 
1251.2506 0.44302592 3412.3721 
1249.7749 0.43938657 3408.3507 
1248.2991 0.43575567 3404.3292 
1246.8234 0.43213344 3400.3077 
1245.3477 0.4285201 3396.2863 
1243.8719 0.42491585 3392.2648 
1242.3962 0.42132091 3388.2433 
1240.9205 0.4177355 3384.2218 
1239.4447 0.41415981 3380.2004 
1237.969 0.41059406 3376.1789 
1236.4932 0.40703845 3372.1574 
1235.0175 0.40349319 3368.1359 
1233.5418 0.39995847 3364.1144 
1232.066 0.39643449 3360.093 
1230.5903 0.39292146 3356.0715 
1229.1146 0.38941956 3352.05 
1227.6388 0.38592899 3348.0285 
1226.1631 0.38244994 3344.007 
1224.6873 0.3789826 3339.9855 
1223.2116 0.37552716 3335.964 
1221.7359 0.3720838 3331.9426 
1220.2601 0.3686527 3327.9211 
1218.7844 0.36523406 3323.8996 
1217.3087 0.36182805 3319.8781 
1215.8329 0.35843484 3315.8566 
1214.3572 0.35505461 3311.8351 
1212.8814 0.35168753 3307.8136 
1211.4057 0.34833378 3303.7921 
1209.93 0.34499352 3299.7705 
1208.4542 0.34166693 3295.749 
1206.9785 0.33835416 3291.7275 
1205.5028 0.33505538 3287.706 
1204.027 0.33177076 3283.6845 
1202.5513 0.32850044 3279.663 
1201.0755 0.32524459 3275.6415 
1199.5998 0.32200335 3271.6199 
1198.1241 0.31877689 3267.5984 
1196.6483 0.31556536 3263.5769 
1195.1726 0.31236889 3259.5554 
1193.6968 0.30918764 3255.5338 
1192.2211 0.30602174 3251.5123 
1190.7454 0.30287134 3247.4908 
1189.2696 0.29973659 3243.4692 
1187.7939 0.2966176 3239.4477 
1186.3182 0.29351453 3235.4261 
1184.8424 0.29042749 3231.4046 
1183.3667 0.28735662 3227.3831 
1181.8909 0.28430205 3223.3615 
1180.4152 0.2812639 3219.3399 
1178.9395 0.27824229 3215.3184 
1177.4637 0.27523735 3211.2968 
1175.988 0.27224918 3207.2753 
1174.5123 0.26927791 3203.2537 
1173.0365 0.26632365 3199.2321 
1171.5608 0.2633865 3195.2106 
1170.085 0.26046658 3191.189 
1168.6093 0.25756398 3187.1674 
1167.1336 0.25467882 3183.1458 
1165.6578 0.25181119 3179.1243 
1164.1821 0.24896118 3175.1027 
1162.7064 0.2461289 3171.0811 
1161.2306 0.24331444 3167.0595 
1159.7549 0.24051788 3163.0379 
1158.2791 0.23773931 3159.0163 
1156.8034 0.23497882 3154.9947 
1155.3277 0.23223649 3150.9731 
1153.8519 0.2295124 3146.9514 
1152.3762 0.22680662 3142.9298 
1150.9005 0.22411922 3138.9082 
1149.4247 0.22145029 3134.8866 
1147.949 0.21879988 3130.8649 
1146.4732 0.21616807 3126.8433 
1144.9975 0.21355491 3122.8217 
1143.5218 0.21096047 3118.8 
1142.046 0.2083848 3114.7784 
1140.5703 0.20582796 3110.7567 
1139.0945 0.20329001 3106.7351 
1137.6188 0.20077098 3102.7134 
1136.1431 0.19827094 3098.6917 
1134.6673 0.19578991 3094.6701 
1133.1916 0.19332795 3090.6484 
1131.7159 0.1908851 3086.6267 
1130.2401 0.18846138 3082.605 
1128.7644 0.18605683 3078.5833 
1127.2886 0.18367149 3074.5616 
1125.8129 0.18130537 3070.5399 
1124.3372 0.17895851 3066.5182 
1122.8614 0.17663093 3062.4964 
1121.3857 0.17432265 3058.4747 
1119.91 0.17203368 3054.453 
1118.4342 0.16976404 3050.4312 
1116.9585 0.16751374 3046.4095 
1115.4827 0.16528279 3042.3877 
1114.007 0.16307119 3038.366 
1112.5313 0.16087895 3034.3442 
1111.0555 0.15870607 3030.3224 
1109.5798 0.15655255 3026.3006 
1108.1041 0.15441839 3022.2789 
1106.6283 0.15230356 3018.2571 
1105.1526 0.15020808 3014.2352 
1103.6768 0.14813192 3010.2134 
1102.2011 0.14607507 3006.1916 
1100.7254 0.1440375 3002.1698 
1099.2496 0.14201922 2998.1479 
1097.7739 0.14002017 2994.1261 
1096.2981 0.13804036 2990.1042 
1094.8224 0.13607974 2986.0823 
1093.3467 0.13413828 2982.0604 
1091.8709 0.13221596 2978.0386 
1090.3952 0.13031273 2974.0167 
1088.9195 0.12842857 2969.9947 
1087.4437 0.12656343 2965.9728 
1085.968 0.12471726 2961.9509 
1084.4922 0.12289003 2957.9289 
1083.0165 0.12108168 2953.907 
1081.5408 0.11929217 2949.885 
1080.065 0.11752145 2945.863 
1078.5893 0.11576946 2941.841 
1077.1136 0.11403614 2937.819 
1075.6378 0.11232144 2933.797 
1074.1621 0.1106253 2929.775 
1072.6863 0.10894764 2925.7529 
1071.2106 0.10728842 2921.7309 
1069.7349 0.10564756 2917.7088 
1068.2591 0.10402499 2913.6867 
1066.7834 0.10242065 2909.6646 
1065.3077 0.10083445 2905.6425 
1063.8319 0.099266327 2901.6203 
1062.3562 0.097716199 2897.5982 
1060.8804 0.09618399 2893.576 
1059.4047 0.094669617 2889.5538 
1057.929 0.093172998 2885.5316 
1056.4532 0.091694049 2881.5094 
1054.9775 0.090232684 2877.4871 
1053.5018 0.088788814 2873.4649 
1052.026 0.087362351 2869.4426 
1050.5503 0.085953202 2865.4203 
1049.0745 0.084561275 2861.398 
1047.5988 0.083186476 2857.3757 
1046.1231 0.081828708 2853.3533 
1044.6473 0.080487873 2849.3309 
1043.1716 0.079163873 2845.3085 
1041.6958 0.077856606 2841.2861 
1040.2201 0.076565972 2837.2636 
1038.7444 0.075291867 2833.2412 
1037.2686 0.074034185 2829.2187 
1035.7929 0.072792821 2825.1961 
1034.3172 0.071567668 2821.1736 
1032.8414 0.070358617 2817.151 
1031.3657 0.069165559 2813.1284 
1029.8899 0.067988383 2809.1058 
1028.4142 0.066826976 2805.0831 
1026.9385 0.065681226 2801.0604 
1025.4627 0.06455102 2797.0377 
1023.987 0.063436241 2793.015 
1022.5113 0.062336773 2788.9922 
1021.0355 0.061252501 2784.9694 
1019.5598 0.060183306 2780.9465 
1018.084 0.05912907 2776.9237 
1016.6083 0.058089672 2772.9008 
1015.1326 0.057064994 2768.8778 
1013.6568 0.056054913 2764.8548 
1012.1811 0.055059309 2760.8318 
1010.7054 0.054078058 2756.8088 
1009.2296 0.053111039 2752.7857 
1007.7539 0.052158127 2748.7625 
1006.2781 0.051219199 2744.7393 
1004.8024 0.05029413 2740.7161 
1003.3267 0.049382795 2736.6929 
1001.8509 0.048485068 2732.6695 
1000.3752 0.047600824 2728.6462 
998.89945 0.046729936 2724.6228 
997.42371 0.045872278 2720.5993 
995.94797 0.045027723 2716.5758 
994.47224 0.044196143 2712.5523 
992.9965 0.043377411 2708.5287 
991.52076 0.0425714 2704.505 
990.04502 0.041777982 2700.4813 
988.56928 0.040997029 2696.4576 
987.09355 0.040228412 2692.4338 
985.61781 0.039472004 2688.4099 
984.14207 0.038727677 2684.3859 
982.66633 0.037995303 2680.362 
981.1906 0.037274753 2676.3379 
979.71486 0.036565899 2672.3138 
978.23912 0.035868613 2668.2896 
976.76338 0.035182767 2664.2653 
975.28764 0.034508235 2660.241 
973.81191 0.033844887 2656.2166 
972.33617 0.033192597 2652.1921 
970.86043 0.032551237 2648.1676 
969.38469 0.03192068 2644.1429 
967.90895 0.031300801 2640.1182 
966.43322 0.030691471 2636.0935 
964.95748 0.030092566 2632.0686 
963.48174 0.02950396 2628.0436 
962.006 0.028925527 2624.0186 
960.53027 0.028357142 2619.9935 
959.05453 0.02779868 2615.9682 
957.57879 0.027250019 2611.9429 
956.10305 0.026711033 2607.9175 
954.62731 0.0261816 2603.892 
953.15158 0.025661598 2599.8664 
951.67584 0.025150903 2595.8407 
950.2001 0.024649395 2591.8149 
948.72436 0.024156952 2587.789 
947.24862 0.023673454 2583.7629 
945.77289 0.023198781 2579.7368 
944.29715 0.022732814 2575.7105 
942.82141 0.022275434 2571.6841 
941.34567 0.021826523 2567.6576 
939.86993 0.021385964 2563.631 
938.3942 0.020953641 2559.6043 
936.91846 0.020529437 2555.5774 
935.44272 0.020113237 2551.5503 
933.96698 0.019704927 2547.5232 
932.49125 0.019304393 2543.4959 
931.01551 0.018911522 2539.4685 
929.53977 0.018526202 2535.4409 
928.06403 0.018148321 2531.4131 
926.58829 0.017777769 2527.3853 
925.11256 0.017414436 2523.3572 
923.63682 0.017058213 2519.329 
922.16108 0.016708992 2515.3006 
920.68534 0.016366664 2511.2721 
919.2096 0.016031125 2507.2434 
917.73387 0.015702267 2503.2145 
916.25813 0.015379987 2499.1855 
914.78239 0.015064181 2495.1562 
913.30665 0.014754744 2491.1268 
911.83092 0.014451576 2487.0972 
910.35518 0.014154574 2483.0674 
908.87944 0.013863639 2479.0374 
907.4037 0.01357867 2475.0072 
905.92796 0.01329957 2470.9768 
904.45223 0.013026241 2466.9461 
902.97649 0.012758586 2462.9153 
901.50075 0.012496509 2458.8843 
900.02501 0.012239915 2454.853 
898.54927 0.01198871 2450.8215 
897.07354 0.011742802 2446.7898 
895.5978 0.011502099 2442.7578 
894.12206 0.011266508 2438.7256 
892.64632 0.011035941 2434.6931 
891.17059 0.010810308 2430.6605 
889.69485 0.01058952 2426.6275 
888.21911 0.010373491 2422.5943 
886.74337 0.010162134 2418.5608 
885.26763 0.0099553646 2414.5271 
883.7919 0.0097530974 2410.4931 
882.31616 0.0095552493 2406.4589 
880.84042 0.0093617381 2402.4243 
879.36468 0.0091724822 2398.3895 
877.88894 0.0089874012 2394.3544 
876.41321 0.0088064157 2390.319 
874.93747 0.0086294471 2386.2833 
873.46173 0.0084564179 2382.2473 
871.98599 0.0082872516 2378.211 
870.51026 0.0081218727 2374.1744 
869.03452 0.0079602064 2370.1375 
867.55878 0.0078021792 2366.1002 
866.08304 0.0076477185 2362.0627 
864.6073 0.0074967526 2358.0248 
863.13157 0.0073492108 2353.9866 
861.65583 0.0072050234 2349.9481 
860.18009 0.0070641217 2345.9092 
858.70435 0.0069264379 2341.87 
857.22861 0.0067919052 2337.8305 
855.75288 0.0066604578 2333.7906 
854.27714 0.0065320309 2329.7504 
852.8014 0.0064065605 2325.7098 
851.32566 0.0062839837 2321.6689 
849.84992 0.0061642386 2317.6276 
848.37419 0.0060472641 2313.5859 
846.89845 0.0059330001 2309.5439 
845.42271 0.0058213877 2305.5015 
843.94697 0.0057123685 2301.4588 
842.47124 0.0056058854 2297.4157 
840.9955 0.0055018821 2293.3722 
839.51976 0.0054003033 2289.3284 
838.04402 0.0053010946 2285.2841 
836.56828 0.0052042025 2281.2395 
835.09255 0.0051095744 2277.1945 
833.61681 0.0050171587 2273.1491 
832.14107 0.0049269047 2269.1034 
830.66533 0.0048387626 2265.0572 
829.18959 0.0047526835 2261.0107 
827.71386 0.0046686193 2256.9638 
826.23812 0.0045865229 2252.9165 
824.76238 0.0045063481 2248.8687 
823.28664 0.0044280496 2244.8207 
821.81091 0.0043515827 2240.7722 
820.33517 0.004276904 2236.7233 
818.85943 0.0042039706 2232.674 
817.38369 0.0041327406 2228.6243 
815.90795 0.004063173 2224.5743 
814.43222 0.0039952275 2220.5238 
812.95648 0.0039288646 2216.473 
811.48074 0.0038640457 2212.4217 
810.005 0.0038007331 2208.3701 
808.52926 0.0037388898 2204.318 
807.05353 0.0036784795 2200.2656 
805.57779 0.0036194669 2196.2127 
804.10205 0.0035618171 2192.1595 
802.62631 0.0035054964 2188.1059 
801.15058 0.0034504717 2184.0519 
799.67484 0.0033967104 2179.9975 
798.1991 0.0033441809 2175.9427 
796.72336 0.0032928523 2171.8875 
795.24762 0.0032426942 2167.8319 
793.77189 0.0031936773 2163.7759 
792.29615 0.0031457725 2159.7195 
790.82041 0.0030989518 2155.6628 
789.34467 0.0030531875 2151.6056 
787.86893 0.0030084529 2147.5481 
786.3932 0.0029647218 2143.4902 
784.91746 0.0029219684 2139.4319 
783.44172 0.002880168 2135.3732 
781.96598 0.0028392961 2131.3141 
780.49025 0.0027993291 2127.2547 
779.01451 0.0027602437 2123.1948 
777.53877 0.0027220173 2119.1346 
776.06303 0.002684628 2115.074 
774.58729 0.0026480543 2111.0131 
773.11156 0.0026122753 2106.9517 
771.63582 0.0025772706 2102.89 
770.16008 0.0025430204 2098.8279 
768.68434 0.0025095053 2094.7654 
767.2086 0.0024767065 2090.7025 
765.73287 0.0024446056 2086.6393 
764.25713 0.0024131847 2082.5757 
762.78139 0.0023824265 2078.5117 
761.30565 0.002352314 2074.4474 
759.82991 0.0023228306 2070.3827 
758.35418 0.0022939604 2066.3176 
756.87844 0.0022656877 2062.2522 
755.4027 0.0022379972 2058.1864 
753.92696 0.0022108742 2054.1202 
752.45123 0.0021843043 2050.0537 
750.97549 0.0021582733 2045.9868 
749.49975 0.0021327677 2041.9195 
748.02401 0.0021077742 2037.8518 
746.54827 0.0020832798 2033.7839 
745.07254 0.0020592721 2029.7155 
743.5968 0.0020357386 2025.6468 
742.12106 0.0020126677 2021.5777 
740.64532 0.0019900476 2017.5082 
739.16958 0.0019678671 2013.4384 
737.69385 0.0019461153 2009.3682 
736.21811 0.0019247815 2005.2977 
734.74237 0.0019038553 2001.2268 
733.26663 0.0018833267 1997.1556 
731.7909 0.0018631859 1993.0839 
730.31516 0.0018434234 1989.012 
728.83942 0.0018240298 1984.9396 
727.36368 0.0018049961 1980.8669 
725.88794 0.0017863136 1976.7938 
724.41221 0.0017679738 1972.7204 
722.93647 0.0017499683 1968.6466 
721.46073 0.0017322891 1964.5724 
719.98499 0.0017149284 1960.4979 
718.50925 0.0016978784 1956.423 
717.03352 0.0016811318 1952.3477 
715.55778 0.0016646814 1948.2721 
714.08204 0.0016485201 1944.1961 
712.6063 0.0016326411 1940.1198 
711.13057 0.0016170377 1936.043 
709.65483 0.0016017035 1931.9659 
708.17909 0.0015866322 1927.8884 
706.70335 0.0015718177 1923.8106 
705.22761 0.001557254 1919.7324 
703.75188 0.0015429354 1915.6538 
702.27614 0.0015288561 1911.5748 
700.8004 0.0015150107 1907.4954 
699.32466 0.001501394 1903.4157 
697.84892 0.0014880006 1899.3356 
696.37319 0.0014748255 1895.2551 
694.89745 0.0014618638 1891.1742 
693.42171 0.0014491108 1887.093 
691.94597 0.0014365617 1883.0113 
690.47024 0.0014242121 1878.9293 
688.9945 0.0014120574 1874.8469 
687.51876 0.0014000935 1870.764 
686.04302 0.0013883162 1866.6808 
684.56728 0.0013767213 1862.5972 
683.09155 0.0013653048 1858.5132 
681.61581 0.0013540631 1854.4288 
680.14007 0.0013429922 1850.344 
678.66433 0.0013320885 1846.2588 
677.18859 0.0013213484 1842.1732 
675.71286 0.0013107686 1838.0871 
674.23712 0.0013003455 1834.0007 
672.76138 0.0012900759 1829.9138 
671.28564 0.0012799565 1825.8266 
669.8099 0.0012699843 1821.7389 
668.33417 0.0012601562 1817.6508 
666.85843 0.0012504692 1813.5623 
665.38269 0.0012409204 1809.4733 
663.90695 0.001231507 1805.384 
662.43122 0.0012222262 1801.2941 
660.95548 0.0012130754 1797.2039 
659.47974 0.0012040519 1793.1132 
658.004 0.0011951533 1789.0221 
656.52826 0.0011863769 1784.9306 
655.05253 0.0011777204 1780.8386 
653.57679 0.0011691813 1776.7461 
652.10105 0.0011607575 1772.6532 
650.62531 0.0011524467 1768.5599 
649.14957 0.0011442465 1764.4661 
647.67384 0.001136155 1760.3719 
646.1981 0.00112817 1756.2771 
644.72236 0.0011202895 1752.182 
643.24662 0.0011125115 1748.0863 
641.77089 0.001104834 1743.9902 
640.29515 0.0010972551 1739.8936 
638.81941 0.001089773 1735.7965 
637.34367 0.001082386 1731.699 
635.86793 0.0010750921 1727.6009 
634.3922 0.0010678897 1723.5024 
632.91646 0.0010607772 1719.4034 
631.44072 0.0010537528 1715.3039 
629.96498 0.001046815 1711.2039 
628.48924 0.0010399621 1707.1034 
627.01351 0.0010331928 1703.0024 
625.53777 0.0010265054 1698.9008 
624.06203 0.0010198985 1694.7988 
622.58629 0.0010133706 1690.6963 
621.11056 0.0010069205 1686.5932 
619.63482 0.0010005466 1682.4896 
618.15908 0.00099424778 1678.3855 
616.68334 0.00098802259 1674.2808 
615.2076 0.0009818698 1670.1756 
613.73187 0.00097578816 1666.0699 
612.25613 0.00096977645 1661.9636 
610.78039 0.00096383348 1657.8568 
609.30465 0.00095795808 1653.7494 
607.82891 0.00095214911 1649.6415 
606.35318 0.00094640546 1645.533 
604.87744 0.00094072603 1641.424 
603.4017 0.00093510975 1637.3144 
601.92596 0.00092955559 1633.2042 
600.45023 0.00092406251 1629.0934 
598.97449 0.00091862952 1624.982 
597.49875 0.00091325564 1620.8701 
596.02301 0.00090793991 1616.7576 
594.54727 0.00090268138 1612.6444 
593.07154 0.00089747915 1608.5307 
591.5958 0.00089233231 1604.4164 
590.12006 0.00088723997 1600.3015 
588.64432 0.00088220128 1596.1859 
587.16858 0.00087721539 1592.0697 
585.69285 0.00087228148 1587.9529 
584.21711 0.00086739873 1583.8355 
582.74137 0.00086256634 1579.7175 
581.26563 0.00085778355 1575.5988 
579.78989 0.00085304958 1571.4794 
578.31416 0.00084836369 1567.3595 
576.83842 0.00084372514 1563.2388 
575.36268 0.00083913323 1559.1175 
573.88694 0.00083458724 1554.9956 
572.41121 0.00083008648 1550.8729 
570.93547 0.00082563029 1546.7496 
569.45973 0.00082121799 1542.6257 
567.98399 0.00081684894 1538.501 
566.50825 0.0008125225 1534.3756 
565.03252 0.00080823804 1530.2496 
563.55678 0.00080399495 1526.1228 
562.08104 0.00079979263 1521.9954 
560.6053 0.00079563049 1517.8672 
559.12956 0.00079150794 1513.7383 
557.65383 0.00078742444 1509.6087 
556.17809 0.0007833794 1505.4783 
554.70235 0.0007793723 1501.3473 
553.22661 0.00077540259 1497.2154 
551.75088 0.00077146974 1493.0829 
550.27514 0.00076757324 1488.9495 
548.7994 0.00076371259 1484.8155 
547.32366 0.00075988727 1480.6806 
545.84792 0.00075609681 1476.545 
544.37219 0.00075234073 1472.4086 
542.89645 0.00074861855 1468.2714 
541.42071 0.0007449298 1464.1334 
539.94497 0.00074127405 1459.9947 
538.46923 0.00073765083 1455.8551 
536.9935 0.00073405971 1451.7147 
535.51776 0.00073050026 1447.5735 
534.04202 0.00072697206 1443.4315 
532.56628 0.00072347469 1439.2886 
531.09055 0.00072000774 1435.1449 
529.61481 0.00071657081 1431.0004 
528.13907 0.00071316351 1426.855 
526.66333 0.00070978545 1422.7088 
525.18759 0.00070643624 1418.5617 
523.71186 0.00070311552 1414.4137 
522.23612 0.00069982292 1410.2649 
520.76038 0.00069655806 1406.1151 
519.28464 0.00069332061 1401.9645 
517.8089 0.0006901102 1397.813 
516.33317 0.0006869265 1393.6605 
514.85743 0.00068376916 1389.5072 
513.38169 0.00068063786 1385.3529 
511.90595 0.00067753226 1381.1977 
510.43022 0.00067445205 1377.0415 
508.95448 0.0006713969 1372.8845 
507.47874 0.00066836652 1368.7264 
506.003 0.00066536059 1364.5674 
504.52726 0.0006623788 1360.4074 
503.05153 0.00065942087 1356.2465 
501.57579 0.0006564865 1352.0846 
500.10005 0.00065357541 1347.9217 
498.62431 0.00065068732 1343.7577 
497.14857 0.00064782193 1339.5928 
495.67284 0.00064497899 1335.4269 
494.1971 0.00064215823 1331.2599 
492.72136 0.00063935937 1327.0919 
491.24562 0.00063658216 1322.9228 
489.76988 0.00063382634 1318.7527 
488.29415 0.00063109166 1314.5816 
486.81841 0.00062837786 1310.4093 
485.34267 0.00062568472 1306.236 
483.86693 0.00062301197 1302.0616 
482.3912 0.00062035939 1297.8862 
480.91546 0.00061772675 1293.7096 
479.43972 0.0006151138 1289.5319 
477.96398 0.00061252033 1285.353 
476.48824 0.00060994611 1281.1731 
475.01251 0.00060739093 1276.992 
473.53677 0.00060485455 1272.8097 
472.06103 0.00060233678 1268.6263 
470.58529 0.0005998374 1264.4418 
469.10955 0.0005973562 1260.256 
467.63382 0.00059489297 1256.0691 
466.15808 0.00059244753 1251.8809 
464.68234 0.00059001966 1247.6916 
463.2066 0.00058760917 1243.501 
461.73087 0.00058521588 1239.3092 
460.25513 0.00058283958 1235.1162 
458.77939 0.0005804801 1230.9219 
457.30365 0.00057813725 1226.7264 
455.82791 0.00057581084 1222.5296 
454.35218 0.0005735007 1218.3315 
452.87644 0.00057120665 1214.1321 
451.4007 0.00056892851 1209.9315 
449.92496 0.00056666612 1205.7295 
448.44922 0.0005644193 1201.5262 
446.97349 0.00056218789 1197.3215 
445.49775 0.00055997172 1193.1156 
444.02201 0.00055777064 1188.9082 
442.54627 0.00055558446 1184.6995 
441.07054 0.00055341306 1180.4895 
439.5948 0.00055125625 1176.278 
438.11906 0.0005491139 1172.0652 
436.64332 0.00054698584 1167.8509 
435.16758 0.00054487194 1163.6352 
433.69185 0.00054277203 1159.4181 
432.21611 0.00054068598 1155.1995 
430.74037 0.00053861365 1150.9795 
429.26463 0.00053655488 1146.758 
427.78889 0.00053450954 1142.5351 
426.31316 0.00053247749 1138.3106 
424.83742 0.0005304586 1134.0847 
423.36168 0.00052845273 1129.8572 
421.88594 0.00052645975 1125.6282 
420.41021 0.00052447952 1121.3977 
418.93447 0.00052251192 1117.1656 
417.45873 0.00052055682 1112.9319 
415.98299 0.00051861409 1108.6967 
414.50725 0.00051668361 1104.4599 
413.03152 0.00051476525 1100.2215 
411.55578 0.0005128589 1095.9814 
410.08004 0.00051096443 1091.7398 
408.6043 0.00050908172 1087.4965 
407.12856 0.00050721067 1083.2515 
405.65283 0.00050535114 1079.0049 
404.17709 0.00050350304 1074.7566 
402.70135 0.00050166624 1070.5067 
401.22561 0.00049984063 1066.255 
399.74987 0.00049802611 1062.0016 
398.27414 0.00049622256 1057.7464 
396.7984 0.00049442989 1053.4896 
395.32266 0.00049264798 1049.2309 
393.84692 0.00049087672 1044.9706 
392.37119 0.00048911602 1040.7084 
390.89545 0.00048736577 1036.4444 
389.41971 0.00048562587 1032.1786 
387.94397 0.00048389623 1027.911 
386.46823 0.00048217674 1023.6415 
384.9925 0.0004804673 1019.3702 
383.51676 0.00047876782 1015.0971 
382.04102 0.00047707821 1010.822 
380.56528 0.00047539836 1006.5451 
379.08954 0.0004737282 1002.2663 
377.61381 0.00047206761 997.9855 
376.13807 0.00047041652 993.7028 
374.66233 0.00046877484 989.41816 
373.18659 0.00046714247 985.13155 
371.71086 0.00046551933 980.84297 
370.23512 0.00046390532 976.5524 
368.75938 0.00046230038 972.25983 
367.28364 0.0004607044 967.96523 
365.8079 0.0004591173 963.66861 
364.33217 0.00045753901 959.36994 
362.85643 0.00045596944 955.06921 
361.38069 0.00045440851 950.76641 
359.90495 0.00045285614 946.46152 
358.42921 0.00045131225 942.15452 
356.95348 0.00044977675 937.84541 
355.47774 0.00044824958 933.53417 
354.002 0.00044673065 929.22079 
352.52626 0.0004452199 924.90525 
351.05053 0.00044371723 920.58754 
349.57479 0.00044222259 916.26764 
348.09905 0.00044073589 911.94554 
346.62331 0.00043925707 907.62123 
345.14757 0.00043778604 903.2947 
343.67184 0.00043632274 898.96592 
342.1961 0.0004348671 894.63489 
340.72036 0.00043341905 890.30159 
339.24462 0.00043197851 885.96601 
337.76888 0.00043054542 881.62814 
336.29315 0.00042911972 877.28796 
334.81741 0.00042770133 872.94546 
333.34167 0.00042629018 868.60063 
331.86593 0.00042488622 864.25345 
330.3902 0.00042348937 859.90391 
328.91446 0.00042209957 855.55201 
327.43872 0.00042071676 851.19771 
325.96298 0.00041934087 846.84103 
324.48724 0.00041797184 842.48193 
323.01151 0.00041660961 838.12041 
321.53577 0.00041525411 833.75647 
320.06003 0.00041390529 829.39008 
318.58429 0.00041256308 825.02123 
317.10855 0.00041122743 820.64992 
315.63282 0.00040989827 816.27613 
314.15708 0.00040857554 811.89986 
312.68134 0.00040725919 807.52109 
311.2056 0.00040594916 803.13981 
309.72986 0.00040464539 798.75602 
308.25413 0.00040334782 794.3697 
306.77839 0.0004020564 789.98084 
305.30265 0.00040077107 785.58944 
303.82691 0.00039949178 781.19549 
302.35118 0.00039821847 776.79897 
300.87544 0.00039695108 772.39989 
299.3997 0.00039568956 767.99823 
297.92396 0.00039443386 763.59399 
296.44822 0.00039318393 759.18716 
294.97249 0.00039193971 754.77773 
293.49675 0.00039070114 750.3657 
292.02101 0.00038946819 745.95107 
290.54527 0.00038824079 741.53383 
289.06953 0.00038701889 737.11397 
287.5938 0.00038580244 732.69149 
286.11806 0.0003845914 728.26639 
284.64232 0.00038338571 723.83867 
283.16658 0.00038218532 719.40832 
281.69085 0.00038099018 714.97535 
280.21511 0.00037980025 710.53975 
278.73937 0.00037861547 706.10152 
277.26363 0.0003774358 701.66067 
275.78789 0.00037626119 697.2172 
274.31216 0.00037509158 692.7711 
272.83642 0.00037392694 688.32238 
271.36068 0.00037276722 683.87106 
269.88494 0.00037161236 679.41712 
268.4092 0.00037046232 674.96058 
266.93347 0.00036931706 670.50144 
265.45773 0.00036817653 666.03972 
263.98199 0.00036704069 661.57541 
262.50625 0.00036590948 657.10854 
261.03052 0.00036478287 652.63911 
259.55478 0.0003636608 648.16713 
258.07904 0.00036254323 643.69261 
256.6033 0.00036143013 639.21558 
255.12756 0.00036032143 634.73604 
253.65183 0.00035921711 630.25402 
252.17609 0.00035811711 625.76952 
250.70035 0.0003570214 621.28257 
249.22461 0.00035592992 616.7932 
247.74887 0.00035484264 612.30142 
246.27314 0.0003537595 607.80725 
244.7974 0.00035268048 603.31072 
243.32166 0.00035160553 598.81186 
241.84592 0.00035053459 594.3107 
240.37019 0.00034946764 589.80727 
238.89445 0.00034840462 585.30159 
237.41871 0.0003473455 580.7937 
235.94297 0.00034629024 576.28364 
234.46723 0.00034523878 571.77145 
232.9915 0.0003441911 567.25715 
231.51576 0.00034314714 562.7408 
230.04002 0.00034210687 558.22244 
228.56428 0.00034107024 553.70211 
227.08854 0.00034003722 549.17987 
225.61281 0.00033900776 544.65575 
224.13707 0.00033798181 540.12981 
222.66133 0.00033695935 535.60211 
221.18559 0.00033594032 531.07271 
219.70985 0.00033492469 526.54165 
218.23412 0.00033391241 522.00902 
216.75838 0.00033290345 517.47486 
215.28264 0.00033189775 512.93926 
213.8069 0.00033089529 508.40227 
212.33117 0.00032989602 503.86397 
210.85543 0.00032889989 499.32445 
209.37969 0.00032790687 494.78377 
207.90395 0.00032691692 490.24203 
206.42821 0.00032592999 485.6993 
204.95248 0.00032494605 481.15568 
203.47674 0.00032396504 476.61126 
202.001 0.00032298693 472.06613 
200.52526 0.00032201168 467.52041 
199.04952 0.00032103925 462.97418 
197.57379 0.00032006959 458.42757 
196.09805 0.00031910267 453.88067 
194.62231 0.00031813843 449.33362 
193.14657 0.00031717684 444.78652 
191.67084 0.00031621785 440.2395 
190.1951 0.00031526143 435.69269 
188.71936 0.00031430753 431.14623 
187.24362 0.0003133561 426.60025 
185.76788 0.00031240711 422.0549 
184.29215 0.0003114605 417.51031 
182.81641 0.00031051624 412.96666 
181.34067 0.00030957429 408.42409 
179.86493 0.00030863459 403.88277 
178.38919 0.0003076971 399.34286 
176.91346 0.00030676179 394.80454 
175.43772 0.00030582859 390.268 
173.96198 0.00030489747 385.73341 
172.48624 0.00030396839 381.20097 
171.01051 0.00030304129 376.67088 
169.53477 0.00030211612 372.14334 
168.05903 0.00030119285 367.61856 
166.58329 0.00030027143 363.09676 
165.10755 0.0002993518 358.57817 
163.63182 0.00029843391 354.06301 
162.15608 0.00029751773 349.55152 
160.68034 0.00029660319 345.04395 
159.2046 0.00029569026 340.54055 
157.72886 0.00029477887 336.04158 
156.25313 0.00029386897 331.54731 
154.77739 0.00029296053 327.05802 
153.30165 0.00029205347 322.57398 
151.82591 0.00029114776 318.0955 
150.35018 0.00029024333 313.62287 
148.87444 0.00028934012 309.1564 
147.3987 0.0002884381 304.69642 
145.92296 0.00028753719 300.24324 
144.44722 0.00028663734 295.7972 
142.97149 0.0002857385 291.35866 
141.49575 0.0002848406 286.92796 
140.02001 0.00028394358 282.50547 
138.54427 0.00028304739 278.09157 
137.06853 0.00028215196 273.68663 
135.5928 0.00028125722 269.29107 
134.11706 0.00028036311 264.90528 
132.64132 0.00027946958 260.52968 
131.16558 0.00027857654 256.16469 
129.68984 0.00027768393 251.81077 
128.21411 0.00027679168 247.46835 
126.73837 0.00027589972 243.1379 
125.26263 0.00027500798 238.8199 
123.78689 0.00027411638 234.51483 
122.31116 0.00027322484 230.22318 
120.83542 0.0002723333 225.94548 
119.35968 0.00027144166 221.68223 
117.88394 0.00027054985 217.43399 
116.4082 0.00026965778 213.20129 
114.93247 0.00026876536 208.98469 
113.45673 0.00026787252 204.78478 
111.98099 0.00026697915 200.60215 
110.50525 0.00026608516 196.43739 
109.02951 0.00026519046 192.29112 
107.55378 0.00026429496 188.16397 
106.07804 0.00026339854 184.05659 
104.6023 0.0002625011 179.96964 
103.12656 0.00026160254 175.9038 
101.65083 0.00026070274 171.85974 
100.17509 0.0002598016 167.83818 
98.69935 0.00025889899 163.83983 
97.223612 0.00025799478 159.86543 
95.747874 0.00025708886 155.91573 
94.272136 0.00025618109 151.9915 
92.796398 0.00025527134 148.09351 
91.32066 0.00025435946 144.22257 
89.844922 0.00025344531 140.37948 
88.369185 0.00025252874 136.56507 
86.893447 0.0002516096 132.7802 
85.417709 0.00025068771 129.02572 
83.941971 0.0002497629 125.3025 
82.466233 0.00024883501 121.61145 
80.990495 0.00024790384 117.95348 
79.514757 0.0002469692 114.3295 
78.03902 0.00024603089 110.74046 
76.563282 0.0002450887 107.18733 
75.087544 0.00024414241 103.67107 
73.611806 0.00024319178 100.19268 
72.136068 0.00024223657 96.753163 
70.66033 0.00024127654 93.353545 
69.184592 0.0002403114 89.994864 
67.708854 0.00023934089 86.678176 
66.233117 0.00023836469 83.404551 
64.757379 0.0002373825 80.175074 
63.281641 0.00023639398 76.990847 
61.805903 0.00023539879 73.852986 
60.330165 0.00023439655 70.76262 
58.854427 0.00023338686 67.720893 
57.378689 0.00023236931 64.728965 
55.902951 0.00023134345 61.788005 
54.427214 0.00023030879 58.899199 
52.951476 0.00022926484 56.063743 
51.475738 0.00022821104 53.282846 
50 0.0002271468 50.557727 
49.49496 0.00022678008 49.638144 
48.989919 0.00022641204 48.725286 
48.484879 0.00022604265 47.819205 
47.979838 0.00022567188 46.91995 
47.474798 0.00022529971 46.027571 
46.969758 0.0002249261 45.142118 
46.464717 0.00022455103 44.263641 
45.959677 0.00022417446 43.39219 
45.454636 0.00022379636 42.527817 
44.949596 0.00022341669 41.670571 
44.444556 0.00022303544 40.820504 
43.939515 0.00022265255 39.977665 
43.434475 0.00022226799 39.142106 
42.929434 0.00022188174 38.313878 
42.424394 0.00022149374 37.493032 
41.919354 0.00022110396 36.679618 
41.414313 0.00022071236 35.873688 
40.909273 0.0002203189 35.075294 
40.404232 0.00021992353 34.284486 
39.899192 0.00021952621 33.501315 
39.394152 0.0002191269 32.725834 
38.889111 0.00021872554 31.958094 
38.384071 0.00021832209 31.198145 
37.87903 0.0002179165 30.44604 
37.37399 0.00021750872 29.701831 
36.868949 0.00021709868 28.965568 
36.363909 0.00021668635 28.237303 
35.858869 0.00021627165 27.517088 
35.353828 0.00021585452 26.804975 
34.848788 0.00021543492 26.101015 
34.343747 0.00021501276 25.40526 
33.838707 0.00021458799 24.717761 
33.333667 0.00021416053 24.038569 
32.828626 0.00021373031 23.367737 
32.323586 0.00021329727 22.705316 
31.818545 0.00021286131 22.051357 
31.313505 0.00021242236 21.405912 
30.808465 0.00021198033 20.769031 
30.303424 0.00021153514 20.140767 
29.798384 0.00021108669 19.52117 
29.293343 0.00021063489 18.910292 
28.788303 0.00021017963 18.308182 
28.283263 0.00020972082 17.714893 
27.778222 0.00020925834 17.130475 
27.273182 0.00020879209 16.554979 
26.768141 0.00020832193 15.988454 
26.263101 0.00020784774 15.430952 
25.758061 0.0002073694 14.882523 
25.25302 0.00020688676 14.343216 
24.74798 0.00020639967 13.813082 
24.242939 0.000205908 13.292169 
23.737899 0.00020541156 12.780529 
23.232859 0.0002049102 12.278209 
22.727818 0.00020440374 11.785259 
22.222778 0.00020389198 11.301727 
21.717737 0.00020337472 10.827663 
21.212697 0.00020285175 10.363114 
20.707657 0.00020232286 9.9081285 
20.202616 0.00020178779 9.4627541 
19.697576 0.00020124629 9.0270383 
19.192535 0.00020069809 8.6010281 
18.687495 0.00020014291 8.1847702 
18.182455 0.00019958044 7.7783112 
17.677414 0.00019901034 7.3816969 
17.172374 0.00019843226 6.9949732 
16.667333 0.00019784581 6.6181852 
16.162293 0.0001972506 6.2513778 
15.657253 0.00019664618 5.8945955 
15.152212 0.00019603207 5.5478823 
14.647172 0.00019540776 5.2112815 
14.142131 0.00019477268 4.8848363 
13.637091 0.00019412622 4.5685892 
13.132051 0.00019346771 4.2625821 
12.62701 0.00019279642 3.9668565 
12.12197 0.00019211155 3.6814532 
11.616929 0.00019141221 3.4064125 
11.111889 0.00019069742 3.141774 
10.606848 0.00018996609 2.8875767 
10.101808 0.000189217 2.6438588 
9.5967677 0.00018844879 2.4106581 
9.0917273 0.00018765991 2.1880114 
8.5866869 0.00018684864 1.9759547 
8.0816465 0.00018601299 1.7745234 
7.5766061 0.00018515068 1.5837519 
7.0715657 0.00018425908 1.4036739 
6.5665253 0.00018333516 1.234322 
6.0614848 0.00018237532 1.0757279 
5.5564444 0.00018137533 0.92792251 
5.051404 0.00018033013 0.79093536 
4.5463636 0.00017923361 0.6647951 
4.0413232 0.00017807837 0.54952915 
3.5362828 0.00017685521 0.44516372 
3.0312424 0.00017555305 0.35172373 
2.526202 0.00017415763 0.26923274 
2.0211616 0.00017265278 0.1977128 
1.5161212 0.00017102358 0.13718433 
1.0110808 0.00016924726 0.087666591 
0.5060404 0.00016738406 0.049175652 
0.001 0.0001655258 0.021727837 
