1.000000000000000036e-10 3.051375221699511253e-15
1.026860649516849681e-10 3.217500596458697108e-15
1.054442793526170605e-10 3.392670299337472714e-15
1.082765811838644888e-10 3.577376728711790497e-15
1.111849604819269840e-10 3.772139090491498961e-15
1.141714607369772722e-10 3.977504857596532078e-15
1.172381803286599860e-10 4.194051308890955583e-15
1.203872740004613347e-10 4.422387151901130506e-15
1.236209543736766479e-10 4.663154233878773142e-15
1.269414935020469644e-10 4.917029346019205399e-15
1.303512244681508841e-10 5.184726125905935799e-15
1.338525430226820772e-10 5.466997063529983366e-15
1.374479092677539464e-10 5.764635616522008244e-15
1.411398493854188353e-10 6.078478440543459297e-15
1.449309574126215103e-10 6.409407741106754264e-15
1.488238970638239930e-10 6.758353753434569406e-15
1.528214036025870764e-10 7.126297357329427698e-15
1.569262857634291974e-10 7.514272834404420278e-15
1.611414277253016639e-10 7.923370775424575060e-15
1.654697911380764133e-10 8.354741145932169660e-15
1.699144172034625927e-10 8.809596518772664218e-15
1.744784288118245718e-10 9.289215482608829207e-15
1.791650327363903170e-10 9.794946236003106284e-15
1.839775218863973914e-10 1.032821037717150667e-14
1.889192776207664486e-10 1.089050690006281867e-14
1.939937721239150420e-10 1.148341640799447162e-14
1.992045708453871253e-10 1.210860555669019066e-14
2.045553350050195042e-10 1.276783173920948833e-14
2.100498241653911086e-10 1.346294802593655336e-14
2.156918988733744402e-10 1.419590837351609689e-14
2.214855233726359314e-10 1.496877311737711470e-14
2.274347683890042975e-10 1.578371476328569736e-14
2.335438139906481999e-10 1.664302409420460226e-14
2.398169525250793154e-10 1.754911660962667759e-14
2.462585916350544272e-10 1.850453931548429202e-14
2.528732573554776511e-10 1.951197788371847334e-14
2.596655972934872530e-10 2.057426420163425158e-14
2.666403838939710439e-10 2.169438433226468212e-14
2.738025177927863388e-10 2.287548690811707999e-14
2.811570312600493384e-10 2.412089198189729825e-14
2.887090917359234651e-10 2.543410035909284033e-14
2.964640054613701016e-10 2.681880343864500876e-14
3.044272212064305935e-10 2.827889358937480173e-14
3.126043340986449774e-10 2.981847509132781168e-14
3.210010895543168168e-10 3.144187567279760490e-14
3.296233873153635571e-10 3.315365867545330892e-14
3.384772855945983174e-10 3.495863588176910219e-14
3.475690053323694248e-10 3.686188104081553935e-14
3.569049345675222543e-10 3.886874413042831344e-14
3.664916329257760998e-10 4.098486639584893856e-14
3.763358362286532616e-10 4.321619620710717717e-14
3.864444612262216663e-10 4.556900577972458111e-14
3.968246104569485724e-10 4.804990880573438617e-14
4.074835772380930452e-10 5.066587904458066659e-14
4.184288507901576286e-10 5.342426992615834272e-14
4.296681214989719622e-10 5.633283522109104728e-14
4.412092863191189736e-10 5.939975083635295595e-14
4.530604543225162225e-10 6.263363779750544695e-14
4.652299523960198821e-10 6.604358648214324025e-14
4.777263310920699547e-10 6.963918217267199900e-14
4.905583706365045079e-10 7.343053200025099789e-14
5.037350870977284663e-10 7.742829335562877259e-14
5.172657387216024550e-10 8.164370384674199210e-14
5.311598324364776806e-10 8.608861288727962059e-14
5.454271305329825394e-10 9.077551500501755810e-14
5.600776575232121886e-10 9.571758496353867925e-14
5.751217071841613300e-10 1.009287147960696519e-13
5.905698497903673200e-10 1.064235528555421377e-13
6.064329395408074437e-10 1.122175449906327949e-13
6.227221221852858914e-10 1.183269779635315667e-13
6.394488428556936217e-10 1.247690252314928357e-13
6.566248541075982329e-10 1.315617952208426914e-13
6.742622241778348855e-10 1.387243822291449026e-13
6.923733454639272140e-10 1.462769200986201167e-13
7.109709432312424340e-10 1.542406388116707043e-13
7.300680845540437628e-10 1.626379241676152434e-13
7.496781874966876395e-10 1.714923807083674418e-13
7.698150305414632501e-10 1.808288980699592213e-13
7.904927622696436190e-10 1.906737209463951619e-13
8.117259113025748837e-10 2.010545228625124609e-13
8.335293965098186599e-10 2.120004839632327397e-13
8.559185374914601114e-10 2.235423730378375256e-13
8.789090653419963657e-10 2.357126340098574849e-13
9.025171337033296201e-10 2.485454771356723489e-13
9.267593301146864478e-10 2.620769751682053910e-13
9.516526876673712550e-10 2.763451647559870050e-13
9.772146969725725473e-10 2.913901533626278469e-13
1.003463318450667211e-09 3.072542320072671874e-13
1.030416994950589605e-09 3.239819941428639275e-13
1.058094664708162833e-09 3.416204610065042265e-13
1.086515774652537184e-09 3.602192137941038772e-13
1.115700294070011957e-09 3.798305330309924208e-13
1.145668728634872571e-09 4.005095455301592869e-13
1.176442134817148646e-09 4.223143793512815739e-13
1.208042134677326351e-09 4.453063271960536535e-13
1.240490931058486090e-09 4.695500186991581436e-13
1.273811323186478448e-09 4.951136020991353476e-13
1.308026722689185005e-09 5.220689357998719263e-13
1.343161170046018108e-09 5.504917903611021556e-13
1.379239351479265789e-09 5.804620614857297643e-13
1.416286616299197367e-09 6.120639946027035595e-13
1.454328994715021030e-09 6.453864216766498176e-13
1.493393216124253328e-09 6.805230109099479624e-13
1.533506727893407681e-09 7.175725300391899305e-13
1.574697714643089977e-09 7.566391239660345284e-13
1.616995118051101964e-09 7.978326075028862413e-13
1.660428657187529514e-09 8.412687740563473777e-13
1.705028849395977104e-09 8.870697211159957677e-13
1.750827031735726894e-09 9.353641934635115307e-13
1.797855382999806401e-09 9.862879450667922254e-13
1.846146946324545721e-09 1.039984120676420577e-12
1.895735652406379419e-09 1.096603658196976046e-12
1.946656343342263185e-09 1.156305712964261678e-12
1.998944797110531981e-09 1.219258105121142331e-12
2.052637752709247872e-09 1.285637791349331527e-12
2.107772935969833696e-09 1.355631362283269722e-12
2.164389086064020378e-09 1.429435567004129782e-12
2.222525982722880526e-09 1.507257866088428808e-12
2.282224474186900673e-09 1.589317014765571997e-12
2.343526505906811754e-09 1.675843677823609654e-12
2.406475150015421802e-09 1.767081077991749297e-12
2.471114635591004241e-09 1.863285679621912221e-12
2.537490379733571876e-09 1.964727909591162686e-12
2.605649019475972987e-09 2.071692917451521419e-12
2.675638444552050758e-09 2.184481376963570046e-12
2.747507831044972106e-09 2.303410331266944850e-12
2.821307675939470933e-09 2.428814084063550003e-12
2.897089832602078430e-09 2.561045139318141268e-12
2.974907547214443709e-09 2.700475192117892349e-12
3.054815496185201644e-09 2.847496173475881298e-12
3.136869824566873436e-09 3.002521352015588318e-12
3.221128185504558772e-09 3.165986495632666425e-12
3.307649780744242625e-09 3.338351096399365225e-12
3.396495402229298268e-09 3.520099662154873150e-12
3.487727474814184559e-09 3.711743078411523726e-12
3.581410100125455560e-09 3.913820044405159562e-12
3.677609101601030620e-09 4.126898587326385480e-12
3.776392070739128005e-09 4.351577658988414520e-12
3.877828414589461690e-09 4.588488819419631680e-12
3.981989404520229821e-09 4.838298012113478610e-12
4.088948226294856001e-09 5.101707435924829417e-12
4.198780031493923528e-09 5.379457518874947654e-12
4.311561990318228295e-09 5.672328999412449080e-12
4.427373345810337246e-09 5.981145120980961471e-12
4.546295469532409058e-09 6.306773946061053218e-12
4.668411918739559847e-09 6.650130796191020400e-12
4.793808495089107234e-09 7.012180824825341891e-12
4.922573304926591887e-09 7.393941730261474220e-12
5.054796821191245814e-09 7.796486616261224673e-12
5.190571946984149114e-09 8.220947008406394942e-12
5.329994080844082078e-09 8.668516034667934762e-12
5.473161183776540270e-09 9.140451779127104684e-12
5.620173848083188457e-09 9.638080818275533494e-12
5.771135368040314665e-09 1.016280194983436414e-11
5.926151812475564477e-09 1.071609012457192303e-11
6.085332099294114219e-09 1.129950059217147384e-11
6.248788072006887583e-09 1.191467327280278982e-11
6.416634578314161379e-09 1.256333736668307352e-11
6.588989550799956726e-09 1.324731621458386585e-11
6.765974089794178620e-09 1.396853242294617823e-11
6.947712548460225391e-09 1.472901326800700898e-11
7.134332620168262805e-09 1.553089639412781003e-11
7.325965428215230231e-09 1.637643582233962484e-11
7.522745617955077415e-09 1.726800828599465878e-11
7.724811451403416104e-09 1.820811991132901852e-11
7.932304904383310208e-09 1.919941326171421309e-11
8.145371766280737258e-09 2.024467476539725778e-11
8.364161742479246505e-09 2.134684254760316401e-11
8.588828559546258968e-09 2.250901468901481682e-11
8.819530073244538348e-09 2.373445793383935122e-11
9.056428379445312268e-09 2.502661687193875567e-11
9.299689928020042770e-09 2.638912362082652748e-11
9.549485639791966030e-09 2.782580803474794085e-11
9.805991026628607250e-09 2.934070846953154938e-11
1.006938631476029167e-08 3.093808313347024179e-11
1.033985657141082905e-08 3.262242205613086259e-11
1.061759183482998992e-08 3.439845970873431464e-11
1.090278724781834515e-08 3.627118831157097610e-11
1.119564319483879355e-08 3.824587186585401862e-11
1.149636544281106167e-08 4.032806094944658211e-11
1.180516528568805511e-08 4.252360831804467144e-11
1.212225969291542737e-08 4.483868535566038643e-11
1.244787146187906095e-08 4.727979942064029310e-11
1.278222937444741505e-08 4.985381213596739106e-11
1.312556835771845382e-08 5.256795867524682066e-11
1.347812964908458151e-08 5.542986809857955730e-11
1.384016096573130207e-08 5.844758479547297378e-11
1.421191667868862298e-08 6.162959109504905056e-11
1.459365799155757632e-08 6.498483110709235493e-11
1.498565312403757702e-08 6.852273586093945121e-11
1.538817750038346494e-08 7.225324981285591628e-11
1.580151394292436774e-08 7.618685879639051346e-11
1.622595287078086962e-08 8.033461949425832264e-11
1.666179250391986890e-08 8.470819051457317417e-11
1.710933907269017062e-08 8.931986515875552865e-11
1.756890703298663950e-08 9.418260597320574265e-11
1.804081928719380765e-08 9.931008118183488024e-11
1.852540741106402008e-08 1.047167031018313404e-10
1.902301188668945940e-08 1.104176686506147648e-10
1.953398234173268869e-08 1.164290020578150501e-10
2.005867779508233947e-08 1.227675999022840076e-10
2.059746690910750407e-08 1.294512786007043807e-10
2.115072824868794812e-08 1.364988244812389334e-10
2.171885054720212971e-08 1.439300465829252169e-10
2.230223297965940866e-08 1.517658323291732234e-10
2.290128544316916589e-08 1.600282062318137741e-10
2.351642884494346360e-08 1.687403917906453405e-10
2.414809539803551839e-08 1.779268767624068446e-10
2.479672892502159966e-08 1.876134819825684537e-10
2.546278516984093411e-08 1.978274339333340849e-10
2.614673211801091959e-08 2.085974412617289914e-10
2.684905032544382308e-08 2.199537754627846390e-10
2.757023325609582525e-08 2.319283559545163124e-10
2.831078762868566708e-08 2.445548397837246337e-10
2.907123377272581154e-08 2.578687162146519399e-10
2.985210599411740476e-08 2.719074064662675036e-10
3.065395295056529701e-08 2.867103688783902692e-10
3.147733803707649799e-08 3.023192098021082496e-10
3.232283978181380843e-08 3.187778005260560893e-10
3.319105225258239186e-08 3.361324005670423357e-10
3.408258547423452176e-08 3.544317876713923258e-10
3.499806585728607362e-08 3.737273948922336046e-10
3.593813663804625943e-08 3.940734551278235480e-10
3.690345833056954660e-08 4.155271535269634386e-10
3.789470919074671708e-08 4.381487881896265336e-10
3.891258569286230586e-08 4.620019396142612942e-10
3.995780301895273899e-08 4.871536493677622246e-10
4.103109556130822581e-08 5.136746084799860448e-10
4.213321743847288891e-08 5.416393560920545197e-10
4.326494302510492728e-08 5.711264889164250883e-10
4.442706749606891816e-08 6.022188820970838911e-10
4.562040738514224971e-08 6.350039220902190968e-10
4.684580115873045466e-08 6.695737522195535244e-10
4.810410980499123800e-08 7.060255315959545531e-10
4.939621743878325726e-08 7.444617081286024008e-10
5.072303192286450849e-08 7.849903063945060643e-10
5.208548550577665264e-08 8.277252311748625573e-10
5.348453547686238315e-08 8.727865875107134262e-10
5.492116483887789130e-08 9.203010181768112231e-10
5.639638299867211427e-08 9.704020595214217879e-10
5.791122647641769876e-08 1.023230516671362176e-09
5.946675963389165618e-08 1.078934859155915594e-09
6.106407542232036134e-08 1.137671638060708272e-09
6.270429615030990599e-08 1.199605925882797445e-09
6.438857427240425885e-08 1.264911780322182710e-09
6.611809319882494705e-08 1.333772733312024347e-09
6.789406812696112741e-08 1.406382306660689041e-09
6.971774689519268077e-08 1.482944555753362781e-09
7.159041085964888045e-08 1.563674642839861827e-09
7.351337579451732969e-08 1.648799441518160065e-09
7.548799281653447198e-08 1.738558174110647333e-09
7.751564933430986341e-08 1.833203083722612307e-09
7.959777002314977632e-08 1.933000142869557009e-09
8.173581782606456331e-08 2.038229800662585154e-09
8.393129498166373220e-08 2.149187770649317230e-09
8.618574407966151581e-08 2.266185861521833007e-09
8.850074914473438142e-08 2.389552853023348823e-09
9.087793674948991121e-08 2.519635419511993698e-09
9.331897715733238557e-08 2.656799103774008949e-09
9.582558549602658744e-08 2.801429343819349179e-09
9.839952296278246863e-08 2.953932555541224131e-09
1.010425980617109670e-07 3.114737274278056923e-09
1.037566678745184818e-07 3.284295358481207815e-09
1.065436393653323164e-07 3.463083258865979265e-09
1.094054707205743596e-07 3.651603356607103816e-09
1.123441727248256593e-07 3.850385374333470013e-09
1.153618101736478521e-07 4.059987863880839995e-09
1.184605033243517869e-07 4.280999774976289626e-09
1.216424293857367852e-07 4.514042109255398427e-09
1.249098240478454451e-07 4.759769664251939266e-09
1.282649830528062395e-07 5.018872872251898947e-09
1.317102638078723449e-07 5.292079739169951831e-09
1.352480870417874100e-07 5.580157888886273478e-09
1.388809385056417952e-07 5.883916718777169340e-09
1.426113707194129791e-07 6.204209672484344326e-09
1.464420047654246281e-07 6.541936636296818874e-09
1.503755321299738365e-07 6.898046465864169283e-09
1.544147165944271542e-07 7.273539650326173014e-09
1.585623961771137103e-07 7.669471121328193996e-09
1.628214851273793673e-07 8.086953214797283289e-09
1.671949759731991644e-07 8.527158793781259649e-09
1.716859416237933813e-07 8.991324541104955603e-09
1.762975375287203970e-07 9.480754431072081957e-09
1.810330038949637242e-07 9.996823389942623676e-09
1.858956679635688209e-07 1.054098115544371664e-08
1.908889463474389113e-07 1.111475634613011477e-08
1.960163474319185784e-07 1.171976075199488904e-08
2.012814738398607581e-07 1.235769385835233024e-08
2.066880249629082045e-07 1.303034761566646812e-08
2.122397995607671898e-07 1.373961146868637268e-08
2.179406984302958033e-07 1.448747765897406279e-08
2.237947271462894081e-07 1.527604681567657705e-08
2.298059988758853570e-07 1.610753385019813839e-08
2.359787372685605282e-07 1.698427417127759233e-08
2.423172794237600930e-07 1.790873023787340910e-08
2.488260789382382249e-07 1.888349846820050993e-08
2.555097090352506984e-07 1.991131652425871794e-08
2.623728657777993358e-07 2.099507099224167438e-08
2.694203713681882374e-07 2.213780548032080609e-08
2.766571775362091454e-07 2.334272915646391505e-08
2.840883690183307039e-07 2.461322575017539051e-08
2.917191671303455229e-07 2.595286304334250736e-08
2.995549334359816286e-07 2.736540287673502076e-08
3.076011735140493617e-07 2.885481170014349979e-08
3.158635408267819256e-07 3.042527169566125080e-08
3.243478406920812023e-07 3.208119250521021681e-08
3.330600343624595431e-07 3.382722359509716243e-08
3.420062432135394479e-07 3.566826729216122591e-08
3.511927530450727846e-07 3.760949252795077962e-08
3.606260184974747072e-07 3.965634932933093287e-08
3.703126675869930633e-07 4.181458409601150944e-08
3.802595063626969666e-07 4.409025570767293748e-08
3.904735236885564146e-07 4.648975250567799627e-08
4.009618961539648155e-07 4.901981019679012291e-08
4.117319931161678936e-07 5.168753072888981259e-08
4.227913818781352257e-07 5.450040219138063655e-08
4.341478330055101418e-07 5.746631979582725687e-08
4.458093257863709155e-07 6.059360799537175963e-08
4.577840538376616380e-07 6.389104380464664762e-08
4.700804308621986580e-07 6.736788138522476429e-08
4.827070965603188194e-07 7.103387796517700000e-08
4.956729227003216552e-07 7.489932116500711451e-08
5.089870193519684936e-07 7.897505780613900297e-08
5.226587412874087961e-07 8.327252428224281404e-08
5.366976945540476201e-07 8.780377857803183872e-08
5.511137432239661934e-07 9.258153402472375863e-08
5.659170163246254329e-07 9.761919488617355670e-08
5.811179149557424346e-07 1.029308938747695632e-07
5.967271195973310774e-07 1.085315317015218204e-07
6.127555976140354173e-07 1.144368187704053929e-07
6.292146109610350070e-07 1.206633191329633069e-07
6.461157240969402919e-07 1.272284968254263598e-07
6.634708121092350418e-07 1.341507647171969963e-07
6.812920690579622221e-07 1.414495360064820490e-07
6.995920165435374296e-07 1.491452785061899125e-07
7.183835125047009676e-07 1.572595718709050610e-07
7.376797602527745383e-07 1.658151679238672296e-07
7.574943177485979565e-07 1.748360542514607642e-07
7.778411071286482387e-07 1.843475212417106853e-07
7.987344244870324172e-07 1.943762327527881845e-07
8.201889499202211865e-07 2.049503006075234446e-07
8.422197578416210940e-07 2.160993631204907295e-07
8.648423275731726679e-07 2.278546678752775595e-07
8.880725542214538897e-07 2.402491589812937709e-07
9.119267598459297759e-07 2.533175690517722060e-07
9.364217049271895849e-07 2.670965161575889089e-07
9.615746001432114712e-07 2.816246060251828544e-07
9.874031184619632416e-07 2.969425397612835233e-07
1.013925407558816318e-06 3.130932274022798350e-07
1.041160102567482627e-06 3.301219076020367966e-07
1.069126339173477218e-06 3.480762737888111422e-07
1.097843767059250744e-06 3.670066071395714710e-07
1.127332563710487057e-06 3.869659167387356941e-07
1.157613448593248338e-06 4.080100873079418554e-07
1.188707697711903258e-06 4.301980349141390162e-07
1.220637158558126438e-06 4.535918710851173199e-07
1.253424265461402110e-06 4.782570757844424797e-07
1.287092055351875495e-06 5.042626797219836938e-07
1.321664183946606512e-06 5.316814565015969182e-07
1.357164942370569283e-06 5.605901251342720293e-07
1.393619274224143468e-06 5.910695634733067257e-07
1.431052793109007542e-06 6.232050331576130998e-07
1.469491800624817218e-06 6.570864166806066287e-07
1.508963304849287698e-06 6.928084672349214833e-07
1.549495039314631713e-06 7.304710720177859183e-07
1.591115482493762337e-06 7.701795297184002117e-07
1.633853877809863677e-06 8.120448429468504323e-07
1.677740254183460092e-06 8.561840264045650914e-07
1.722805447131395782e-06 9.027204316387002717e-07
1.769081120432511589e-06 9.517840892674907018e-07
1.816599788375328531e-06 1.003512069610749565e-06
1.865394838603265207e-06 1.058048862708972800e-06
1.915500555573527830e-06 1.115546778766754359e-06
1.966952144646123101e-06 1.176166370110865221e-06
2.019785756819878467e-06 1.240076875810946873e-06
2.074038514132946180e-06 1.307456690171545341e-06
2.129748535745523356e-06 1.378493856367733599e-06
2.186954964723207410e-06 1.453386586563877215e-06
2.245697995539776383e-06 1.532343809925520630e-06
2.306018902318662040e-06 1.615585750008503170e-06
2.367960067833078623e-06 1.703344533087701722e-06
2.431565013285043286e-06 1.795864829069497183e-06
2.496878428884326819e-06 1.893404526718697352e-06
2.563946205248776042e-06 1.996235445021172205e-06
2.632815465648020122e-06 2.104644082598811811e-06
2.703534599113338378e-06 2.218932407193983225e-06
2.776153294436803851e-06 2.339418687345656909e-06
2.850722575083718112e-06 2.466438368490613406e-06
2.927294835042819122e-06 2.600344995839356464e-06
3.005923875639394454e-06 2.741511186498715692e-06
3.086664943337274561e-06 2.890329653442059699e-06
3.169574768556210177e-06 3.047214284062923070e-06
3.254711605531848180e-06 3.212601276189852196e-06
3.342135273246468900e-06 3.386950334589889810e-06
3.431907197459049798e-06 3.570745931144188968e-06
3.524090453864350802e-06 3.764498632044595683e-06
3.618749812411284082e-06 3.968746495532500395e-06
3.715951782811628959e-06 4.184056543882849635e-06
3.815764661271252544e-06 4.411026313527419298e-06
3.918258578476448110e-06 4.650285487410871701e-06
4.023505548869292872e-06 4.902497613884153944e-06
4.131579521246579025e-06 5.168361916659970652e-06
4.242556430717776958e-06 5.448615200586585450e-06
4.356514252058752909e-06 5.744033858240040856e-06
4.473533054498472402e-06 6.055435982588867418e-06
4.593695057977397164e-06 6.383683591254126668e-06
4.717084690917021860e-06 6.729684968167833459e-06
4.843788649541041356e-06 7.094397128727143861e-06
4.973895958790067320e-06 7.478828414851779957e-06
5.107498034872412679e-06 7.884041226674620736e-06
5.244688749495119242e-06 8.311154897936686635e-06
5.385564495820283017e-06 8.761348722513103552e-06
5.530224256192899801e-06 9.235865139869910267e-06
5.678769671688090119e-06 9.736013087644254294e-06
5.831305113526230855e-06 1.026317152994881900e-05
5.987937756406471672e-06 1.081879317043322185e-05
6.148777653810029084e-06 1.140440835958405205e-05
6.313937815326057153e-06 1.202162920621704508e-05
6.483534286054727559e-06 1.267215390361040302e-05
6.657686228142934510e-06 1.335777128124329215e-05
6.836516004510238809e-06 1.408036559364781750e-05
7.020149264823735210e-06 1.484192155844815984e-05
7.208715033782150132e-06 1.564452965625427494e-05
7.402345801771417325e-06 1.649039170569995626e-05
7.601177617955337729e-06 1.738182672756380316e-05
7.805350185866558624e-06 1.832127711259108946e-05
8.015006961565413626e-06 1.931131510834804355e-05
8.230295254435149348e-06 2.035464964118005875e-05
8.451366330684722516e-06 2.145413349012628611e-05
8.678375519631765053e-06 2.261277083045380468e-05
8.911482322840200959e-06 2.383372516532323020e-05
9.150850526189632277e-06 2.512032766498833948e-05
9.396648314954709135e-06 2.647608593385463526e-05
9.649048391975804145e-06 2.790469322669504774e-05
9.908228099003807231e-06 2.941003813632880962e-05
1.017436954130415078e-05 3.099621477612545916e-05
1.044765971560805321e-05 3.266753348180124659e-05
1.072829064150033102e-05 3.442853205811944179e-05
1.101645949633656847e-05 3.628398759731187755e-05
1.131236875378425843e-05 3.823892889728702646e-05
1.161622632608501823e-05 4.029864950899385626e-05
1.192824571013841492e-05 4.246872144367778859e-05
1.224864613750933181e-05 4.475500957217436648e-05
1.257765272846488421e-05 4.716368674987366590e-05
1.291549665014885394e-05 4.970124970252280265e-05
1.326241527900454635e-05 5.237453570963806441e-05
1.361865236756082756e-05 5.519074012397570905e-05
1.398445821569772247e-05 5.815743476723870268e-05
1.436008984651260630e-05 6.128258724401903785e-05
1.474581118691028349e-05 6.457458121785220322e-05
1.514189325304351951e-05 6.804223769521909495e-05
1.554861434073510391e-05 7.169483736538000607e-05
1.596626022101428472e-05 7.554214404602992183e-05
1.639512434090576763e-05 7.959442928698377915e-05
1.683550802961204166e-05 8.386249818638181412e-05
1.728772071023355710e-05 8.835771647628438313e-05
1.775208011717636033e-05 9.309203893701082429e-05
1.822891251939890621e-05 9.807803920212561399e-05
1.871855294965579252e-05 1.033289410186623362e-04
1.922134543989912915e-05 1.088586510299310216e-04
1.973764326300259494e-05 1.146817931511270335e-04
2.026780918097871354e-05 1.208137446109532829e-04
2.081221569986341357e-05 1.272706737355476232e-04
2.137124533144651919e-05 1.340695795542144676e-04
2.194529086203315951e-05 1.412283333098020104e-04
2.253475562842359968e-05 1.487657219599873744e-04
2.314005380130654141e-05 1.567014937593332003e-04
2.376161067626452906e-05 1.650564060156650313e-04
2.439986297259550131e-05 1.738522751181542257e-04
2.505525914016159617e-05 1.831120289384871906e-04
2.572825967447937306e-05 1.928597617105840434e-04
2.641933744027405911e-05 2.031207914986274832e-04
2.712897800372469909e-05 2.139217203675552125e-04
2.785767997363307178e-05 2.252904973747339073e-04
2.860595535175744877e-05 2.372564845062930569e-04
2.937432989255571347e-05 2.498505256864454660e-04
3.016334347259197083e-05 2.631050189932342001e-04
3.097355046986568377e-05 2.770539922193583030e-04
3.180552015332919975e-05 2.917331819221490236e-04
3.265983708286893626e-05 3.071801161124213778e-04
3.353710152002935637e-05 3.234342007376700781e-04
3.443792984976987035e-05 3.405368101211460091e-04
3.536295501355046409e-05 3.585313815245303251e-04
3.631282695404956329e-05 3.774635140083458973e-04
3.728821307182837572e-05 3.973810717709467524e-04
3.828979869426044682e-05 4.183342921537378033e-04
3.931828755705769966e-05 4.403758985074730250e-04
4.037440229873062069e-05 4.635612181218065619e-04
4.145888496832910884e-05 4.879483054278914043e-04
4.257249754682287262e-05 5.135980706917848753e-04
4.371602248248511143e-05 5.405744144244899966e-04
4.489026324065786079e-05 5.689443677430360479e-04
4.609604486828438810e-05 5.987782389256958568e-04
4.733421457360434544e-05 6.301497664135183568e-04
4.860564232142138599e-05 6.631362785198389618e-04
4.991122144435854082e-05 6.978188601190542196e-04
5.125186927053332944e-05 7.342825265961839230e-04
5.262852776809262740e-05 7.726164053491359337e-04
5.404216420705926113e-05 8.129139251464565820e-04
5.549377183895711272e-05 8.552730136546905868e-04
5.698437059469147885e-05 8.997963034611083629e-04
5.851500780117375387e-05 9.465913469296851658e-04
6.008675891719692875e-05 9.957708402409401818e-04
6.170072828907532318e-05 1.047452856979156407e-03
6.335804992658254750e-05 1.101761091644299717e-03
6.505988829973166567e-05 1.158825113479971993e-03
6.680743915695614712e-05 1.218780631023424956e-03
6.860193036526954149e-05 1.281769767799096748e-03
7.044462277299051755e-05 1.347941349592815486e-03
7.233681109564249327e-05 1.417451203760583187e-03
7.427982482564925376e-05 1.490462471042950212e-03
7.627502916646401396e-05 1.567145930373894068e-03
7.832382599179204229e-05 1.647680337192001208e-03
8.042765483057644888e-05 1.732252775780900771e-03
8.258799387844272151e-05 1.821059026186484710e-03
8.480636103631147068e-05 1.914303946279395782e-03
8.708431497690723578e-05 2.012201869553248337e-03
8.942345623991706269e-05 2.114977019272300425e-03
9.182542835656301182e-05 2.222863939605816599e-03
9.429191900438323583e-05 2.336107944411767133e-03
9.682466119303133594e-05 2.454965584358309496e-03
9.942543448192506521e-05 2.579705133098630053e-03
1.020960662306047607e-04 2.710607093243440607e-03
1.048384328826743148e-04 2.847964722904489012e-03
1.076544612842315928e-04 2.992084583613827727e-03
1.105461300377128111e-04 3.143287110455503935e-03
1.135154708920999033e-04 3.301907205279894404e-03
1.165645701704729869e-04 3.468294853906416734e-03
1.196955702359045281e-04 3.642815768256329849e-03
1.229106709967306183e-04 3.825852054396141483e-03
1.262121314522548739e-04 4.017802907511666514e-03
1.296022712799687140e-04 4.219085334874261156e-03
1.330834724654076035e-04 4.430134907904600093e-03
1.366581809757864995e-04 4.651406544484226226e-03
1.403289084785873094e-04 4.883375322712244643e-03
1.440982341063130044e-04 5.126537327354409659e-03
1.479688062686399365e-04 5.381410530282249201e-03
1.519433445132485009e-04 5.648535706254339400e-03
1.560246414366371181e-04 5.928477385447167812e-03
1.602155646462587689e-04 6.221824844201050142e-03
1.645190587753664248e-04 6.529193135508078692e-03
1.689381475519738547e-04 6.851224160831086672e-03
1.734759359233932583e-04 7.188587784909719440e-03
1.781356122378393388e-04 7.541982995277582598e-03
1.829204504846293803e-04 7.912139108285927425e-03
1.878338125945616416e-04 8.299817023504720004e-03
1.928791508020781759e-04 8.705810528448095637e-03
1.980600100708803659e-04 9.130947655653516223e-03
2.033800305846984236e-04 9.576092094227151713e-03
2.088429503049601477e-04 1.004214465805541162e-02
2.144526075971669825e-04 1.053004481297513395e-02
2.202129439278094087e-04 1.104077226528780119e-02
2.261280066337279643e-04 1.157534861410401163e-02
2.322019517658608344e-04 1.213483907010592250e-02
2.384390470093720473e-04 1.272035424342244161e-02
2.448436746822229182e-04 1.333305200342456073e-02
2.514203348142801707e-04 1.397413941336196445e-02
2.581736483091355387e-04 1.464487474288473159e-02
2.651083601908541497e-04 1.534656956161800298e-02
2.722293429379274302e-04 1.608059091708773439e-02
2.795415999067859354e-04 1.684836360043304171e-02
2.870502688472621180e-04 1.765137250347920822e-02
2.947606255124858598e-04 1.849116507089482511e-02
3.026780873657447025e-04 1.936935385130758580e-02
3.108082173869063645e-04 2.028761915141180650e-02
3.191567279810935570e-04 2.124771179726831632e-02
3.277294849923388978e-04 2.225145600716535790e-02
3.365325118250557090e-04 2.330075238059179168e-02
3.455719936762143116e-04 2.439758100805716062e-02
3.548542818811907941e-04 2.554400470668637818e-02
3.643858983763548090e-04 2.674217238672012970e-02
3.741735402815252447e-04 2.799432255425906776e-02
3.842240846055060993e-04 2.930278695580676440e-02
3.945445930780277512e-04 3.066999437039635498e-02
4.051423171114655500e-04 3.209847455531539967e-02
4.160247028958410052e-04 3.359086235169377044e-02
4.271993966306785102e-04 3.514990195647044180e-02
4.386742498973848032e-04 3.677845136751971972e-02
4.504573251759463100e-04 3.847948700899629648e-02
4.625569015097958855e-04 4.025610854423967988e-02
4.749814803228504748e-04 4.211154388388178849e-02
4.877397913927979741e-04 4.404915439710852670e-02
5.008407989848212387e-04 4.607244033434719499e-02
5.142937081500924702e-04 4.818504646999322016e-02
5.281079711934341496e-04 5.039076797412971043e-02
5.422932943147155092e-04 5.269355652256520195e-02
5.568596444286420030e-04 5.509752665488739515e-02
5.718172561677173187e-04 5.760696239062301077e-02
5.871766390733261769e-04 6.022632411400931363e-02
6.029485849799576637e-04 6.296025573829827637e-02
6.191441755977847598e-04 6.581359216096692444e-02
6.357747902989169947e-04 6.879136702166158135e-02
6.528521141127847493e-04 7.189882077518233716e-02
6.703881459363039003e-04 7.514140909232051857e-02
6.883952069645510319e-04 7.852481160186794429e-02
7.068859493479049544e-04 8.205494098766932809e-02
7.258733650817260612e-04 8.573795245514319319e-02
7.453707951348025919e-04 8.958025358227902912e-02
7.653919388230155619e-04 9.358851457073803781e-02
7.859508634347642199e-04 9.776967891330037852e-02
8.070620141149507367e-04 1.021309744945769760e-01
8.287402240144568430e-04 1.066799251425786521e-01
8.510007247122246699e-04 1.114243626494471340e-01
8.738591569173065647e-04 1.163724392804065255e-01
8.973315814583538146e-04 1.215326407907470763e-01
9.214344905683070604e-04 1.269137999714739784e-01
9.461848194722011218e-04 1.325251107450799437e-01
9.715999582862095731e-04 1.383761428337666188e-01
9.976977642363212256e-04 1.444768570233581073e-01
1.024496574205219571e-03 1.508376210470796508e-01
1.052015217616159145e-03 1.574692261143535998e-01
1.080273029662941241e-03 1.643829041108000877e-01
1.109289864895224948e-03 1.715903454966659358e-01
1.139086111168769160e-03 1.791037179320348338e-01
1.169682703970386988e-03 1.869356856583040127e-01
1.201101141127656645e-03 1.950994296666083150e-01
1.233363497913777173e-03 2.036086686851336647e-01
1.266492442558117461e-03 2.124776810185285136e-01
1.300511252173409829e-03 2.217213272739974872e-01
1.335443829110761777e-03 2.313550740100454028e-01
1.371314717753945684e-03 2.413950183452956144e-01
1.408149121764834793e-03 2.518579135663485680e-01
1.445972921792022499e-03 2.627611957752510330e-01
1.484812693655132966e-03 2.741230116184126819e-01
1.524695727017576089e-03 2.859622471416777278e-01
1.565650044560833567e-03 2.982985578161517770e-01
1.607704421673825362e-03 3.111523997830697441e-01
1.650888406671098801e-03 3.245450623668314494e-01
1.695232341554121433e-03 3.384987019077178583e-01
1.740767383330238480e-03 3.530363769678119268e-01
1.787525525904235402e-03 3.681820849658135608e-01
1.835539622557975188e-03 3.839608002987392465e-01
1.884843409033799214e-03 4.003985140107831908e-01
1.935471527238000243e-03 4.175222750721285792e-01
1.987459549580985769e-03 4.353602333330012231e-01
2.040844003971196627e-03 4.539416842209035297e-01
2.095662399480435149e-03 4.732971152517719826e-01
2.151953252698523417e-03 4.934582544285924244e-01
2.209756114795903038e-03 5.144581206040685917e-01
2.269111599313155831e-03 5.363310758869974659e-01
2.330061410696929614e-03 5.591128801752321964e-01
2.392648373602395805e-03 5.828407479015216275e-01
2.456916462982795292e-03 6.075534070819706978e-01
2.522910834987153808e-03 6.332911607605000714e-01
2.590677858688011318e-03 6.600959509465414987e-01
2.660265148661297881e-03 6.880114251470379472e-01
2.731721598441379240e-03 7.170830055980285112e-01
2.805097414874726906e-03 7.473579613052988568e-01
2.880444153396298067e-03 7.788854830080753633e-01
2.957814754253540283e-03 8.117167611840417907e-01
3.037263579703317583e-03 8.459050672197757637e-01
3.118846452208020800e-03 8.815058378740345812e-01
3.202620693657656694e-03 9.185767631681662770e-01
3.288645165645404708e-03 9.571778778423443157e-01
3.376980310825094742e-03 9.973716565223702535e-01
3.467688195379476507e-03 1.039223112747473587e+00
3.560832552629281632e-03 1.082799902015779914e+00
3.656478827813653028e-03 1.128172429010384725e+00
3.754694224073336969e-03 1.175413959175567014e+00
3.855547749669118417e-03 1.224600734819674352e+00
3.959110266468467143e-03 1.275812095928178902e+00
4.065454539734637655e-03 1.329130605878043214e+00
4.174655289253143345e-03 1.384642182252161735e+00
4.286789241831434269e-03 1.442436232960697229e+00
4.401935185208878665e-03 1.502605797884669414e+00
4.520174023414672178e-03 1.565247696265640531e+00
4.641588833612782412e-03 1.630462680074688642e+00
4.766264924473787544e-03 1.698355593603129599e+00
4.894289896114531989e-03 1.769035539527298528e+00
5.025753701647932455e-03 1.842616051710098013e+00
5.160748710385918217e-03 1.919215275012401634e+00
5.299369772740127917e-03 1.998956152398755348e+00
5.441714286865898496e-03 2.081966619633180748e+00
5.587882267096236366e-03 2.168379807872856890e+00
5.737976414214139217e-03 2.258334254480164116e+00
5.892102187612307390e-03 2.351974122386222277e+00
6.050367879391223974e-03 2.449449428352914016e+00
6.212884690447569025e-03 2.550916280494237132e+00
6.379766808606295025e-03 2.656537125432640423e+00
6.551131488851499179e-03 2.766481005480117883e+00
6.727099135712350485e-03 2.880923826253247277e+00
6.907793387861822267e-03 3.000048635141829401e+00
7.093341204988004405e-03 3.124045911073965787e+00
7.283872956998629911e-03 3.253113866034501367e+00
7.479522515621828821e-03 3.387458758813850945e+00
7.680427348467347946e-03 3.527295221483116361e+00
7.886728615614155974e-03 3.672846599111474486e+00
8.098571268792693553e-03 3.824345303263107176e+00
8.316104153230977764e-03 3.982033179832122904e+00
8.539480112236532902e-03 4.146161891797175869e+00
8.768856094587444000e-03 4.316993317500664062e+00
9.004393264807848685e-03 4.494799965081861082e+00
9.246257116405752138e-03 4.679865403719335681e+00
9.494617588152223439e-03 4.872484712363813308e+00
9.749649183484096829e-03 5.072964946670953879e+00
1.001153109311390260e-02 5.281625624871845837e+00
1.028044732093311847e-02 5.498799233348915294e+00
1.055658681329713945e-02 5.724831752716095679e+00
1.084014359178330986e-02 5.960083205234905535e+00
1.113131688951457011e-02 6.204928224430736883e+00
1.143031129114480994e-02 6.459756647809479446e+00
1.173733687660473944e-02 6.724974133611249627e+00
1.205260936870846365e-02 7.001002802574738837e+00
1.237635028472483870e-02 7.288281905726147869e+00
1.270878709202059517e-02 7.587268519247828635e+00
1.305015336788362297e-02 7.898438267523086864e+00
1.340068896363953363e-02 8.222286075499594560e+00
1.376064017317617065e-02 8.559326951558707819e+00
1.413025990599533696e-02 8.910096802127327464e+00
1.450980786491232882e-02 9.275153279318100630e+00
1.489955072852856659e-02 9.655076662931312725e+00
1.529976233860609429e-02 1.005047077822206347e+01
1.571072389247455195e-02 1.046196395086546538e+01
1.613272414060630544e-02 1.089021000063684674e+01
1.656605958949915192e-02 1.133588927537092950e+01
1.701103471000793566e-02 1.179970972682959562e+01
1.746796215127249113e-02 1.228240803017543215e+01
1.793716296039141872e-02 1.278475074881446005e+01
1.841896680799710861e-02 1.330753554644457815e+01
1.891371221988928306e-02 1.385159244821755209e+01
1.942174681489028387e-02 1.441778515300100771e+01
1.994342754909004395e-02 1.500701239880686799e+01
2.047912096665091899e-02 1.562020938353340860e+01
2.102920345734929364e-02 1.625834924325621600e+01
2.159406152103567761e-02 1.692244459039323701e+01
2.217409203919750230e-02 1.761354911415933699e+01
2.276970255381684585e-02 1.833275924582577687e+01
2.338131155371783731e-02 1.908121589139749119e+01
2.400934876860651851e-02 1.986010623442836120e+01
2.465425547100796519e-02 2.067066561179916206e+01
2.531648478631358043e-02 2.151417946539781312e+01
2.599650201115740605e-02 2.239198537275898460e+01
2.669478494034328853e-02 2.330547515983724693e+01
2.741182420255352734e-02 2.425609709921702262e+01
2.814812360507581296e-02 2.524535819719306673e+01
2.890420048778883505e-02 2.627482657328637572e+01
2.968058608665608347e-02 2.734613393590403163e+01
3.047782590698443553e-02 2.846097815799708997e+01
3.129648010670750546e-02 2.962112595671614201e+01
3.213712388996495944e-02 3.082841568122552189e+01
3.300034791125288497e-02 3.208476021299680525e+01
3.388675869043115269e-02 3.339214998305224213e+01
3.479697903887702531e-02 3.475265611085676909e+01
3.573164849708546087e-02 3.616843366964101847e+01
3.669142378402494298e-02 3.764172508321792776e+01
3.767697925856199059e-02 3.917486365948391125e+01
3.868900739327983673e-02 4.077027726601532720e+01
3.972821926102552970e-02 4.243049215337033075e+01
4.079534503452449112e-02 4.415813693190739997e+01
4.189113449941597733e-02 4.595594670815403759e+01
4.301635758106799740e-02 4.782676738697156793e+01
4.417180488554453555e-02 4.977356014599495637e+01
4.535828825510199863e-02 5.179940608904809807e+01
4.657664133860653366e-02 5.390751108547820536e+01
4.782772017727485170e-02 5.610121080259591508e+01
4.911240380614679407e-02 5.838397593864475965e+01
5.043159487171369054e-02 6.075941766398199206e+01
5.178622026613854262e-02 6.323129327840849356e+01
5.317723177850966487e-02 6.580351209283190883e+01
5.460560676358871407e-02 6.848014154371942652e+01
5.607234882852038527e-02 7.126541354904716741e+01
5.757848853798980260e-02 7.416373111472552182e+01
5.912508413831893406e-02 7.717967520072564014e+01
6.071322230101255935e-02 8.031801185640098595e+01
6.234401888627864180e-02 8.358369963475279008e+01
6.401861972705508164e-02 8.698189729562254513e+01
6.573820143409599137e-02 9.051797180804551601e+01
6.750397222268529618e-02 9.419750666222780922e+01
6.931717276155399676e-02 9.802631050180926309e+01
7.117907704460131602e-02 1.020104260872860493e+02
7.309099328602917944e-02 1.061561396016282828e+02
7.505426483952362671e-02 1.104699903092903668e+02
7.707027114212319785e-02 1.149587805799226743e+02
7.914042868344033088e-02 1.196295862880875802e+02
8.126619200091945994e-02 1.244897676006124243e+02
8.344905470182549523e-02 1.295469801627056654e+02
8.569055051268364975e-02 1.348091866943600508e+02
8.799225435691074293e-02 1.402846690081564702e+02
9.035578346138957440e-02 1.459820404594227057e+02
9.278279849276631353e-02 1.519102588393871542e+02
9.527500472427299916e-02 1.580786397215468924e+02
9.783415323388788831e-02 1.644968702708932540e+02
1.004620421346815173e-01 1.711750235249859315e+02
1.031605178382081767e-01 1.781235731549883781e+02
1.059314763518370006e-01 1.853534087137837219e+02
1.087768646109265880e-01 1.928758513770172840e+02
1.116986818467824855e-01 2.007026701814768899e+02
1.146989809913630115e-01 2.088460987634941262e+02
1.177798701197122905e-01 2.173188525979944359e+02
1.209435139311379470e-01 2.261341467364909192e+02
1.241921352701784581e-01 2.353057140395874001e+02
1.275280166884198985e-01 2.448478238963558056e+02
1.309535020482670287e-01 2.547753014193700665e+02
1.344709981697895795e-01 2.651035470999767085e+02
1.380829765218092309e-01 2.758485569036731135e+02
1.417919749584055089e-01 2.870269427799988762e+02
1.456005995020651644e-01 2.986559535552444231e+02
1.495115261747333169e-01 3.107534961693310152e+02
1.535275028780427320e-01 3.233381572103149324e+02
1.576513513240469788e-01 3.364292246911659277e+02
1.618859690178199306e-01 3.500467100035393742e+02
1.662343312933031725e-01 3.642113699720708269e+02
1.706994934038411349e-01 3.789447289203371838e+02
1.752845926688655076e-01 3.942691006457027925e+02
1.799928506782476345e-01 4.102076101848954863e+02
1.848275755558554667e-01 4.267842152350668243e+02
1.897921642839103251e-01 4.440237270756792896e+02
1.948901050897847986e-01 4.619518308173558125e+02
2.001249798969043092e-01 4.805951047782889987e+02
2.055004668414816271e-01 4.999810387663461597e+02
2.110203428568596662e-01 5.201380510162880455e+02
2.166884863272640904e-01 5.410955035023098390e+02
2.225088798128374012e-01 5.628837153141761291e+02
2.284856128478768289e-01 5.855339737509025326e+02
2.346228848142262458e-01 6.090785427492272674e+02
2.409250078918543370e-01 6.335506682253910640e+02
2.473964100886816564e-01 6.589845798678294386e+02
2.540416383518005472e-01 6.854154888759505866e+02
2.608653617622556098e-01 7.128795810962050155e+02
2.678723748156377482e-01 7.414140049622158131e+02
2.750676007908067211e-01 7.710568536011594460e+02
2.824560952090904853e-01 8.018471404248350609e+02
2.900430493863997428e-01 8.338247674823481930e+02
2.978337940807661566e-01 8.670304858131929677e+02
3.058338032378431492e-01 9.015058470062941751e+02
3.140486978370213289e-01 9.372931451447510653e+02
3.224842498408445612e-01 9.744353482991791680e+02
3.311463862505236166e-01 1.012976018727948713e+03
3.400411932703716333e-01 1.052959220952470559e+03
3.491749205840984360e-01 1.094429416903896026e+03
3.585539857459816848e-01 1.137431347387157302e+03
3.681849786899755173e-01 1.182009899182677600e+03
3.780746663599356960e-01 1.228209957209629238e+03
3.882299974642297591e-01 1.276076241310382557e+03
3.986581073580438561e-01 1.325653127387083941e+03
4.093663230568405642e-01 1.376984452831697354e+03
4.203621683844718238e-01 1.430113306441555551e+03
4.316533692595900251e-01 1.485081803305466337e+03
4.432478591240409660e-01 1.541930845481287861e+03
4.551537845170657848e-01 1.600699869647145306e+03
4.673795107992463338e-01 1.661426583354272907e+03
4.799336280301835234e-01 1.724146691884378015e+03
4.928249570040523220e-01 1.788893618247860104e+03
5.060625554472947263e-01 1.855698219234707267e+03
5.196557243827678585e-01 1.924588500984273651e+03
5.336140146648380433e-01 1.995589337883019198e+03
5.479472336900292895e-01 2.068722199033320521e+03
5.626654522879044329e-01 2.144004886836807145e+03
5.777790117970518224e-01 2.221451292465894767e+03
5.932985313311242015e-01 2.301071173113779423e+03
6.092349152400711176e-01 2.382869955900238892e+03
6.255993607717648120e-01 2.466848573151009077e+03
6.424033659394203788e-01 2.553003333452823881e+03
6.596587376003636427e-01 2.641325832409228042e+03
6.773775997517772485e-01 2.731802906387268195e+03
6.955724020492746185e-01 2.824416631764871454e+03
7.142559285543134129e-01 2.919144371282514840e+03
7.334413067165427291e-01 3.015958868098938183e+03
7.531420165974390679e-01 3.114828387085699433e+03
7.733719003416762439e-01 3.215716901808222246e+03
7.941451719029339884e-01 3.318584324576753261e+03
8.154764270309202701e-01 3.423386775951196341e+03
8.373806535266506978e-01 3.530076889192469935e+03
8.598732417732205535e-01 3.638604144404452200e+03
8.829699955494119124e-01 3.748915226533441000e+03
9.066871431337589771e-01 3.860954401007349134e+03
9.310413487069084670e-01 3.974663900612589714e+03
9.560497240602197078e-01 4.089984317221989841e+03
9.817298406188861293e-01 4.206854992192770624e+03
1.008099741787982673e+00 4.325214399628413958e+03
1.035177955630176339e+00 4.445000517217926244e+03
1.062983507883931589e+00 4.566151179999408669e+03
1.091535935331393370e+00 4.688604413096704775e+03
1.120855299525376436e+00 4.812298740268476649e+03
1.150962200885035758e+00 4.937173465829727320e+03
1.181877793170150737e+00 5.063168928314822551e+03
1.213623798344241722e+00 5.190226724940855092e+03
1.246222521836874320e+00 5.318289906599495225e+03
1.279696868215944194e+00 5.447303143691969126e+03
1.314070357280902712e+00 5.577212863626359649e+03
1.349367140588306535e+00 5.707967361215118217e+03
1.385612018421208180e+00 5.839516883541457901e+03
1.422830457214354860e+00 5.971813691111502521e+03
1.461048607447488434e+00 6.104812097278813781e+03
1.500293322019222941e+00 6.238468488026988780e+03
1.540592175114451123e+00 6.372741324234706553e+03
1.581973481578601515e+00 6.507591128534049858e+03
1.624466316812241296e+00 6.642980458815922248e+03
1.668100537200062572e+00 6.778873870347464617e+03
1.712906801088661890e+00 6.915237868351297948e+03
1.758916590327732621e+00 7.052040852763689145e+03
1.806162232389905364e+00 7.189253056745861613e+03
1.854676923084701334e+00 7.326846480373330451e+03
1.904494749882668536e+00 7.464794820778949543e+03
1.955650715865955069e+00 7.603073399877654083e+03
2.008180764322206713e+00 7.741659090660054062e+03
2.062121803999144465e+00 7.880530242908367654e+03
2.117511735037427734e+00 8.019666609062825046e+03
2.174389475600084332e+00 8.159049270852538029e+03
2.232794989217304682e+00 8.298660567200429796e+03
2.292769312865648779e+00 8.438484023817207344e+03
2.354354585801530675e+00 8.578504284819848181e+03
2.417594079169133270e+00 8.718707046612207705e+03
2.482532226403705966e+00 8.859078994269300892e+03
2.549214654451430917e+00 8.999607740499935971e+03
2.617688215827867815e+00 9.140281767322192536e+03
2.688001021537607560e+00 9.281090370482663275e+03
2.760202474878074241e+00 9.422023606635970282e+03
2.834343306151315023e+00 9.563072243270298713e+03
2.910475608308274342e+00 9.704227711341254690e+03
2.988652873550382782e+00 9.845482060557033037e+03
3.068930030914357676e+00 9.986827917243674165e+03
3.151363484866482434e+00 1.012825844470704760e+04
3.236011154933678746e+00 1.026976730600026531e+04
3.322932516398982017e+00 1.041134862899835207e+04
3.412188642090117963e+00 1.055299697367859699e+04
3.503842245290675894e+00 1.069470730150275631e+04
3.597957723803774766e+00 1.083647494679587362e+04
3.694601205199310012e+00 1.097829559001756570e+04
3.793840593276698758e+00 1.112016523282283197e+04
3.895745615775517035e+00 1.126208017481114803e+04
4.000387873367666991e+00 1.140403699186585618e+04
4.107840889965650888e+00 1.154603251598902352e+04
4.218180164382001607e+00 1.168806381654001234e+04
4.331483223376412006e+00 1.183012818279035855e+04
4.447829676127639686e+00 1.197222310771107004e+04
4.567301270168746541e+00 1.211434627291286779e+04
4.689981948824630820e+00 1.225649553466336329e+04
4.815957910192360636e+00 1.239866891090966601e+04
4.945317667705936948e+00 1.254086456923893638e+04
5.078152112327691370e+00 1.268308081574011339e+04
5.214554576410175279e+00 1.282531608452139153e+04
5.354620899273612622e+00 1.296756892836426596e+04
5.498449494544599858e+00 1.310983800959634391e+04
5.646141419303684295e+00 1.325212209196913136e+04
5.797800445090168786e+00 1.339442003300919350e+04
5.953533130814370189e+00 1.353673077695608117e+04
6.113448897628152245e+00 1.367905334822437544e+04
6.277660105806512902e+00 1.382138684535231368e+04
6.446282133694491101e+00 1.396373043540184517e+04
6.619433458774414802e+00 1.410608334877690504e+04
6.797235740910662294e+00 1.424844487442955142e+04
6.979813907830667574e+00 1.439081435542571126e+04
7.167296242901739056e+00 1.453319118484360661e+04
7.359814475265785916e+00 1.467557480198077246e+04
7.557503872394937261e+00 1.481796468884646856e+04
7.760503335133570602e+00 1.496036036691863956e+04
7.968955495292968649e+00 1.510276139414550016e+04
8.183006815867406303e+00 1.524516736217348625e+04
8.402807693942412115e+00 1.538757789378503185e+04
8.628512566366921988e+00 1.552999264053000661e+04
8.860280018263836155e+00 1.567241128053651119e+04
9.098272894455567084e+00 1.581483351648777170e+04
9.342658413882229951e+00 1.595725907375223869e+04
9.593608287093166709e+00 1.609968769865558716e+04
9.851298836894720523e+00 1.624211915688408953e+04
1.011591112223829825e+01 1.638455323200906059e+04
1.038763106543638415e+01 1.652698972412356670e+04
1.066664958279540976e+01 1.666942844862144921e+04
1.095316271875792680e+01 1.681186923488624961e+04
1.124737178364755330e+01 1.695431192542660574e+04
1.154948349511381522e+01 1.709675637469472349e+04
1.185971012337670594e+01 1.723920244840438681e+04
1.217826964037221060e+01 1.738165002239200840e+04
1.250538587290393977e+01 1.752409898201882606e+04
1.284128865990897417e+01 1.766654922140293274e+04
1.318621401394748460e+01 1.780900064275070326e+04
1.354040428703035381e+01 1.795145315573936386e+04
1.390410834090072534e+01 1.809390667694648801e+04
1.427758172188996433e+01 1.823636112932322794e+04
1.466108684046989019e+01 1.837881644170753498e+04
1.505489315562784824e+01 1.852127254837453802e+04
1.545927736419478471e+01 1.866372938862136652e+04
1.587452359525825329e+01 1.880618690638353291e+04
1.630092360979744370e+01 1.894864504988057888e+04
1.673877700568115401e+01 1.909110377128888285e+04
1.718839142817145671e+01 1.923356302643939853e+04
1.765008278608206282e+01 1.937602277453842908e+04
1.812417547374239390e+01 1.951848297790966535e+04
1.861100259892447184e+01 1.966094360175618567e+04
1.911090621689143632e+01 1.980340461394035447e+04
1.962423757073274189e+01 1.994586598478055021e+04
2.015135733815558439e+01 2.008832768686367126e+04
2.069263588490466432e+01 2.023078969487169525e+04
2.124845352498887152e+01 2.037325198542153885e+04
2.181920078789866579e+01 2.051571221152234284e+04
2.240527869300018082e+01 2.065817732946820979e+04
2.300709903130029232e+01 2.080064034455512956e+04
2.362508465477949926e+01 2.094310356521080394e+04
2.425966977349743559e+01 2.108556697564733258e+04
2.491130026067796166e+01 2.122803056148929682e+04
2.558043396598903740e+01 2.137049430927131834e+04
2.626754103723838440e+01 2.151295820661530161e+04
2.697310425070921980e+01 2.165542224208924745e+04
2.769761935036896716e+01 2.179788640513488281e+04
2.844159539619033694e+01 2.194035068600102022e+04
2.920555512182756885e+01 2.208281507568179950e+04
2.999003530190001143e+01 2.222527956585966240e+04
3.079558712914229801e+01 2.236774414885287479e+04
3.162277660168379256e+01 2.251020881756683593e+04
